NUTS2;LAU2_CODE;LAU2_NAME;YEAR;INTERNAL_MIG_IMMIGRATION;INTERNATIONAL_MIG_IMMIGRATION;IMMIGRATION_TOTAL;INTERNAL_MIG_EMIGRATION;INTERNATIONAL_MIG_EMIGRATION;EMIGRATION_TOTAL
AT31;40101;Linz;2015;9693;6583;16276;9994;3171;13165
AT31;40201;Steyr;2015;1548;545;2093;1721;269;1990
AT31;40301;Wels;2015;2697;1401;4098;2857;774;3631
AT31;40401;Altheim;2015;198;73;271;195;28;223
AT31;40402;Aspach;2015;100;32;132;98;14;112
AT31;40403;Auerbach;2015;23;5;28;32;8;40
AT31;40404;Braunau am Inn;2015;808;357;1165;607;186;793
AT31;40405;Burgkirchen;2015;138;91;229;195;12;207
AT31;40406;Eggelsberg;2015;103;30;133;104;25;129
AT31;40407;Feldkirchen bei Mattighofen;2015;78;9;87;64;10;74
AT31;40408;Franking;2015;53;20;73;53;8;61
AT31;40409;Geretsberg;2015;75;25;100;80;15;95
AT31;40410;Gilgenberg am Weilhart;2015;40;16;56;30;8;38
AT31;40411;Haigermoos;2015;25;2;27;16;2;18
AT31;40412;Handenberg;2015;33;11;44;57;4;61
AT31;40413;Helpfau-Uttendorf;2015;207;95;302;278;35;313
AT31;40414;Hochburg-Ach;2015;67;58;125;58;45;103
AT31;40415;Höhnhart;2015;39;13;52;48;8;56
AT31;40416;Jeging;2015;27;8;35;32;5;37
AT31;40417;Kirchberg bei Mattighofen;2015;42;12;54;49;7;56
AT31;40418;Lengau;2015;205;61;266;177;37;214
AT31;40419;Lochen am See;2015;111;25;136;98;13;111
AT31;40420;Maria Schmolln;2015;107;15;122;90;5;95
AT31;40421;Mattighofen;2015;438;153;591;371;101;472
AT31;40422;Mauerkirchen;2015;275;118;393;251;64;315
AT31;40423;Mining;2015;35;13;48;44;2;46
AT31;40424;Moosbach;2015;74;4;78;49;5;54
AT31;40425;Moosdorf;2015;72;12;84;64;6;70
AT31;40426;Munderfing;2015;169;55;224;154;27;181
AT31;40427;Neukirchen an der Enknach;2015;97;11;108;90;4;94
AT31;40428;Ostermiething;2015;155;57;212;170;18;188
AT31;40429;Palting;2015;29;6;35;38;4;42
AT31;40430;Perwang am Grabensee;2015;40;8;48;32;13;45
AT31;40431;Pfaffstätt;2015;47;16;63;45;8;53
AT31;40432;Pischelsdorf am Engelbach;2015;53;27;80;77;7;84
AT31;40433;Polling im Innkreis;2015;40;6;46;55;4;59
AT31;40434;Roßbach;2015;23;9;32;40;2;42
AT31;40435;St. Georgen am Fillmannsbach;2015;13;3;16;18;2;20
AT31;40436;St. Johann am Walde;2015;64;20;84;53;19;72
AT31;40437;St. Pantaleon;2015;148;39;187;158;17;175
AT31;40438;St. Peter am Hart;2015;106;77;183;112;71;183
AT31;40439;St. Radegund;2015;23;2;25;31;0;31
AT31;40440;St. Veit im Innkreis;2015;7;1;8;17;0;17
AT31;40441;Schalchen;2015;188;53;241;221;29;250
AT31;40442;Schwand im Innkreis;2015;41;4;45;24;2;26
AT31;40443;Tarsdorf;2015;62;23;85;59;11;70
AT31;40444;Treubach;2015;20;17;37;28;9;37
AT31;40445;Überackern;2015;24;12;36;24;9;33
AT31;40446;Weng im Innkreis;2015;65;10;75;66;12;78
AT31;40501;Alkoven;2015;404;59;463;277;26;303
AT31;40502;Aschach an der Donau;2015;105;11;116;125;5;130
AT31;40503;Eferding;2015;348;36;384;315;18;333
AT31;40504;Fraham;2015;105;9;114;134;3;137
AT31;40505;Haibach ob der Donau;2015;30;4;34;36;1;37
AT31;40506;Hartkirchen;2015;188;7;195;111;13;124
AT31;40507;Hinzenbach;2015;105;21;126;124;4;128
AT31;40508;Prambachkirchen;2015;126;47;173;113;6;119
AT31;40509;Pupping;2015;138;13;151;154;9;163
AT31;40510;St. Marienkirchen an der Polsenz;2015;121;12;133;94;9;103
AT31;40511;Scharten;2015;149;38;187;186;9;195
AT31;40512;Stroheim;2015;54;1;55;63;2;65
AT31;40601;Freistadt;2015;549;77;626;367;45;412
AT31;40602;Grünbach;2015;59;4;63;63;2;65
AT31;40603;Gutau;2015;90;24;114;112;8;120
AT31;40604;Hagenberg im Mühlkreis;2015;186;6;192;148;7;155
AT31;40605;Hirschbach im Mühlkreis;2015;20;1;21;33;0;33
AT31;40606;Kaltenberg;2015;10;3;13;17;0;17
AT31;40607;Kefermarkt;2015;102;21;123;109;9;118
AT31;40608;Königswiesen;2015;63;10;73;49;0;49
AT31;40609;Lasberg;2015;113;14;127;92;3;95
AT31;40610;Leopoldschlag;2015;51;10;61;29;5;34
AT31;40611;Liebenau;2015;29;5;34;41;1;42
AT31;40612;Neumarkt im Mühlkreis;2015;116;12;128;97;8;105
AT31;40613;Pierbach;2015;37;5;42;34;3;37
AT31;40614;Pregarten;2015;219;38;257;199;10;209
AT31;40615;Rainbach im Mühlkreis;2015;158;31;189;106;17;123
AT31;40616;Sandl;2015;29;9;38;28;1;29
AT31;40617;St. Leonhard bei Freistadt;2015;29;5;34;44;1;45
AT31;40618;St. Oswald bei Freistadt;2015;123;15;138;107;10;117
AT31;40619;Schönau im Mühlkreis;2015;63;8;71;51;2;53
AT31;40620;Tragwein;2015;91;13;104;98;4;102
AT31;40621;Unterweißenbach;2015;40;2;42;61;3;64
AT31;40622;Unterweitersdorf;2015;73;8;81;64;4;68
AT31;40623;Waldburg;2015;26;4;30;39;4;43
AT31;40624;Wartberg ob der Aist;2015;198;36;234;183;11;194
AT31;40625;Weitersfelden;2015;21;1;22;16;0;16
AT31;40626;Windhaag bei Freistadt;2015;44;12;56;72;2;74
AT31;40627;Bad Zell;2015;111;33;144;109;11;120
AT31;40701;Altmünster;2015;455;120;575;435;53;488
AT31;40702;Bad Goisern am Hallstättersee;2015;205;68;273;237;33;270
AT31;40703;Bad Ischl;2015;557;218;775;549;75;624
AT31;40704;Ebensee;2015;267;91;358;224;44;268
AT31;40705;Gmunden;2015;851;355;1206;907;135;1042
AT31;40706;Gosau;2015;59;39;98;34;14;48
AT31;40707;Grünau im Almtal;2015;84;38;122;86;18;104
AT31;40708;Gschwandt;2015;122;14;136;135;3;138
AT31;40709;Hallstatt;2015;15;22;37;37;14;51
AT31;40710;Kirchham;2015;80;6;86;68;2;70
AT31;40711;Laakirchen;2015;533;130;663;485;51;536
AT31;40712;Obertraun;2015;18;33;51;41;12;53
AT31;40713;Ohlsdorf;2015;478;190;668;557;19;576
AT31;40714;Pinsdorf;2015;216;69;285;237;44;281
AT31;40715;Roitham;2015;83;14;97;84;7;91
AT31;40716;St. Konrad;2015;31;14;45;36;1;37
AT31;40717;St. Wolfgang im Salzkammergut;2015;91;46;137;92;36;128
AT31;40718;Traunkirchen;2015;79;21;100;85;4;89
AT31;40719;Scharnstein;2015;211;53;264;200;19;219
AT31;40720;Vorchdorf;2015;334;64;398;270;32;302
AT31;40801;Aistersheim;2015;69;8;77;49;8;57
AT31;40802;Bad Schallerbach;2015;387;89;476;260;41;301
AT31;40803;Bruck-Waasen;2015;74;3;77;81;1;82
AT31;40804;Eschenau im Hausruckkreis;2015;25;0;25;30;0;30
AT31;40805;Gallspach;2015;496;152;648;411;111;522
AT31;40806;Gaspoltshofen;2015;168;28;196;134;9;143
AT31;40807;Geboltskirchen;2015;41;9;50;56;6;62
AT31;40808;Grieskirchen;2015;403;88;491;383;38;421
AT31;40809;Haag am Hausruck;2015;85;27;112;118;14;132
AT31;40810;Heiligenberg;2015;25;4;29;19;2;21
AT31;40811;Hofkirchen an der Trattnach;2015;62;15;77;72;4;76
AT31;40812;Kallham;2015;77;18;95;109;6;115
AT31;40813;Kematen am Innbach;2015;88;10;98;88;5;93
AT31;40814;Meggenhofen;2015;70;2;72;34;3;37
AT31;40815;Michaelnbach;2015;37;7;44;45;1;46
AT31;40816;Natternbach;2015;57;9;66;83;5;88
AT31;40817;Neukirchen am Walde;2015;40;10;50;61;1;62
AT31;40818;Neumarkt im Hausruckkreis;2015;90;14;104;107;5;112
AT31;40819;Peuerbach;2015;165;43;208;121;7;128
AT31;40820;Pötting;2015;8;0;8;11;0;11
AT31;40821;Pollham;2015;46;7;53;34;7;41
AT31;40822;Pram;2015;89;12;101;84;4;88
AT31;40823;Rottenbach;2015;26;6;32;29;2;31
AT31;40824;St. Agatha;2015;46;7;53;46;2;48
AT31;40825;St. Georgen bei Grieskirchen;2015;64;7;71;56;5;61
AT31;40826;St. Thomas;2015;10;4;14;6;1;7
AT31;40827;Schlüßlberg;2015;181;24;205;161;4;165
AT31;40828;Steegen;2015;35;0;35;28;0;28
AT31;40829;Taufkirchen an der Trattnach;2015;84;11;95;75;1;76
AT31;40830;Tollet;2015;35;4;39;44;1;45
AT31;40831;Waizenkirchen;2015;146;62;208;161;10;171
AT31;40832;Wallern an der Trattnach;2015;105;28;133;139;13;152
AT31;40833;Weibern;2015;58;19;77;49;7;56
AT31;40834;Wendling;2015;21;1;22;21;2;23
AT31;40901;Edlbach;2015;30;11;41;38;2;40
AT31;40902;Grünburg;2015;185;46;231;197;21;218
AT31;40903;Hinterstoder;2015;22;38;60;32;6;38
AT31;40904;Inzersdorf im Kremstal;2015;84;10;94;87;6;93
AT31;40905;Kirchdorf an der Krems;2015;402;57;459;293;28;321
AT31;40906;Klaus an der Pyhrnbahn;2015;47;20;67;60;6;66
AT31;40907;Kremsmünster;2015;269;98;367;231;22;253
AT31;40908;Micheldorf in Oberösterreich;2015;283;52;335;307;36;343
AT31;40909;Molln;2015;125;19;144;113;3;116
AT31;40910;Nußbach;2015;100;19;119;85;12;97
AT31;40911;Oberschlierbach;2015;20;3;23;20;2;22
AT31;40912;Pettenbach;2015;197;38;235;200;12;212
AT31;40913;Ried im Traunkreis;2015;158;44;202;141;14;155
AT31;40914;Rosenau am Hengstpaß;2015;39;18;57;44;5;49
AT31;40915;Roßleithen;2015;91;12;103;91;6;97
AT31;40916;St. Pankraz;2015;22;10;32;12;4;16
AT31;40917;Schlierbach;2015;205;96;301;265;22;287
AT31;40918;Spital am Pyhrn;2015;126;40;166;129;31;160
AT31;40919;Steinbach am Ziehberg;2015;35;3;38;35;5;40
AT31;40920;Steinbach an der Steyr;2015;86;13;99;92;8;100
AT31;40921;Vorderstoder;2015;29;8;37;28;3;31
AT31;40922;Wartberg an der Krems;2015;129;26;155;144;7;151
AT31;40923;Windischgarsten;2015;144;29;173;119;16;135
AT31;41001;Allhaming;2015;60;16;76;68;4;72
AT31;41002;Ansfelden;2015;918;329;1247;900;193;1093
AT31;41003;Asten;2015;358;77;435;384;53;437
AT31;41004;Eggendorf im Traunkreis;2015;68;5;73;40;2;42
AT31;41005;Enns;2015;600;270;870;655;132;787
AT31;41006;Hargelsberg;2015;69;2;71;62;3;65
AT31;41007;Hörsching;2015;593;280;873;649;36;685
AT31;41008;Hofkirchen im Traunkreis;2015;96;13;109;69;4;73
AT31;41009;Kematen an der Krems;2015;193;68;261;170;62;232
AT31;41010;Kirchberg-Thening;2015;107;23;130;73;10;83
AT31;41011;Kronstorf;2015;178;52;230;192;24;216
AT31;41012;Leonding;2015;1991;370;2361;1725;209;1934
AT31;41013;St. Florian;2015;338;39;377;271;27;298
AT31;41014;Neuhofen an der Krems;2015;348;77;425;273;22;295
AT31;41015;Niederneukirchen;2015;81;23;104;68;5;73
AT31;41016;Oftering;2015;136;22;158;93;7;100
AT31;41017;Pasching;2015;655;145;800;445;75;520
AT31;41018;Piberbach;2015;69;9;78;90;14;104
AT31;41019;Pucking;2015;194;12;206;171;10;181
AT31;41020;St. Marien;2015;184;26;210;215;18;233
AT31;41021;Traun;2015;1401;507;1908;1511;273;1784
AT31;41022;Wilhering;2015;281;141;422;244;44;288
AT31;41101;Allerheiligen im Mühlkreis;2015;65;1;66;54;1;55
AT31;41102;Arbing;2015;86;5;91;60;3;63
AT31;41103;Baumgartenberg;2015;91;19;110;117;11;128
AT31;41104;Dimbach;2015;38;12;50;37;1;38
AT31;41105;Grein;2015;128;43;171;117;14;131
AT31;41106;Katsdorf;2015;146;11;157;121;3;124
AT31;41107;Klam;2015;53;3;56;34;3;37
AT31;41108;Bad Kreuzen;2015;369;1627;1996;1876;140;2016
AT31;41109;Langenstein;2015;181;29;210;155;11;166
AT31;41110;Luftenberg an der Donau;2015;265;44;309;212;5;217
AT31;41111;Mauthausen;2015;287;54;341;290;81;371
AT31;41112;Mitterkirchen im Machland;2015;70;33;103;85;20;105
AT31;41113;Münzbach;2015;44;24;68;62;13;75
AT31;41114;Naarn im Machlande;2015;179;70;249;142;18;160
AT31;41115;Pabneukirchen;2015;40;8;48;54;3;57
AT31;41116;Perg;2015;445;120;565;393;50;443
AT31;41117;Rechberg;2015;37;1;38;30;4;34
AT31;41118;Ried in der Riedmark;2015;152;3;155;165;8;173
AT31;41119;St. Georgen am Walde;2015;41;10;51;63;0;63
AT31;41120;St. Georgen an der Gusen;2015;272;42;314;168;9;177
AT31;41121;St. Nikola an der Donau;2015;77;37;114;126;9;135
AT31;41122;St. Thomas am Blasenstein;2015;24;0;24;23;4;27
AT31;41123;Saxen;2015;83;25;108;65;4;69
AT31;41124;Schwertberg;2015;282;84;366;235;31;266
AT31;41125;Waldhausen im Strudengau;2015;101;5;106;109;7;116
AT31;41126;Windhaag bei Perg;2015;68;15;83;62;4;66
AT31;41201;Andrichsfurt;2015;39;3;42;36;4;40
AT31;41202;Antiesenhofen;2015;43;15;58;50;7;57
AT31;41203;Aurolzmünster;2015;225;30;255;247;12;259
AT31;41204;Eberschwang;2015;132;33;165;131;9;140
AT31;41205;Eitzing;2015;43;3;46;25;3;28
AT31;41206;Geiersberg;2015;16;0;16;13;1;14
AT31;41207;Geinberg;2015;80;65;145;82;29;111
AT31;41208;Gurten;2015;61;6;67;38;3;41
AT31;41209;Hohenzell;2015;111;19;130;75;0;75
AT31;41210;Kirchdorf am Inn;2015;33;3;36;25;3;28
AT31;41211;Kirchheim im Innkreis;2015;22;3;25;23;1;24
AT31;41212;Lambrechten;2015;59;16;75;45;6;51
AT31;41213;Lohnsburg am Kobernaußerwald;2015;73;12;85;72;5;77
AT31;41214;Mehrnbach;2015;139;23;162;104;10;114
AT31;41215;Mettmach;2015;86;6;92;87;3;90
AT31;41216;Mörschwang;2015;18;1;19;15;2;17
AT31;41217;Mühlheim am Inn;2015;25;2;27;27;2;29
AT31;41218;Neuhofen im Innkreis;2015;121;24;145;100;8;108
AT31;41219;Obernberg am Inn;2015;217;79;296;128;43;171
AT31;41220;Ort im Innkreis;2015;70;18;88;92;16;108
AT31;41221;Pattigham;2015;38;7;45;43;0;43
AT31;41222;Peterskirchen;2015;40;0;40;21;1;22
AT31;41223;Pramet;2015;40;3;43;35;6;41
AT31;41224;Reichersberg;2015;93;42;135;124;16;140
AT31;41225;Ried im Innkreis;2015;1007;308;1315;806;201;1007
AT31;41226;St. Georgen bei Obernberg am Inn;2015;30;2;32;34;4;38
AT31;41227;St. Marienkirchen am Hausruck;2015;27;2;29;17;1;18
AT31;41228;St. Martin im Innkreis;2015;127;54;181;102;15;117
AT31;41229;Schildorn;2015;44;12;56;41;7;48
AT31;41230;Senftenbach;2015;46;24;70;61;9;70
AT31;41231;Taiskirchen im Innkreis;2015;73;4;77;87;5;92
AT31;41232;Tumeltsham;2015;48;4;52;61;4;65
AT31;41233;Utzenaich;2015;69;5;74;91;4;95
AT31;41234;Waldzell;2015;84;10;94;114;4;118
AT31;41235;Weilbach;2015;32;4;36;41;4;45
AT31;41236;Wippenham;2015;18;2;20;23;2;25
AT31;41301;Afiesl;2015;5;2;7;13;3;16
AT31;41302;Ahorn;2015;22;0;22;15;1;16
AT31;41304;Altenfelden;2015;74;5;79;75;2;77
AT31;41305;Arnreit;2015;41;5;46;44;3;47
AT31;41306;Atzesberg;2015;18;1;19;18;0;18
AT31;41307;Auberg;2015;16;0;16;20;2;22
AT31;41309;Haslach an der Mühl;2015;130;18;148;103;8;111
AT31;41310;Helfenberg;2015;63;11;74;37;1;38
AT31;41311;Hörbich;2015;19;1;20;8;0;8
AT31;41312;Hofkirchen im Mühlkreis;2015;57;27;84;44;4;48
AT31;41313;Julbach;2015;40;4;44;52;1;53
AT31;41314;Kirchberg ob der Donau;2015;30;2;32;31;1;32
AT31;41315;Klaffer am Hochficht;2015;67;54;121;117;2;119
AT31;41316;Kleinzell im Mühlkreis;2015;75;2;77;25;4;29
AT31;41317;Kollerschlag;2015;23;10;33;34;6;40
AT31;41318;Lembach im Mühlkreis;2015;67;4;71;71;6;77
AT31;41319;Lichtenau im Mühlkreis;2015;9;3;12;14;1;15
AT31;41320;Nebelberg;2015;14;0;14;7;0;7
AT31;41321;Neufelden;2015;76;20;96;63;7;70
AT31;41322;Niederkappel;2015;54;0;54;29;0;29
AT31;41323;Niederwaldkirchen;2015;65;6;71;48;3;51
AT31;41324;Oberkappel;2015;28;10;38;39;7;46
AT31;41325;Oepping;2015;67;7;74;68;1;69
AT31;41326;Peilstein im Mühlviertel;2015;36;0;36;46;1;47
AT31;41327;Pfarrkirchen im Mühlkreis;2015;39;7;46;37;7;44
AT31;41328;Putzleinsdorf;2015;82;34;116;54;7;61
AT31;41329;Neustift im Mühlkreis;2015;46;26;72;38;2;40
AT31;41331;St. Johann am Wimberg;2015;48;1;49;36;4;40
AT31;41332;St. Martin im Mühlkreis;2015;119;5;124;86;7;93
AT31;41333;St. Oswald bei Haslach;2015;16;5;21;36;1;37
AT31;41334;St. Peter am Wimberg;2015;59;2;61;53;3;56
AT31;41335;St. Stefan am Walde;2015;34;0;34;19;0;19
AT31;41336;St. Ulrich im Mühlkreis;2015;7;4;11;24;0;24
AT31;41337;St. Veit im Mühlkreis;2015;31;3;34;27;3;30
AT31;41338;Sarleinsbach;2015;63;4;67;67;5;72
AT31;41340;Schönegg;2015;19;1;20;19;1;20
AT31;41341;Schwarzenberg am Böhmerwald;2015;30;26;56;47;14;61
AT31;41342;Ulrichsberg;2015;107;14;121;106;17;123
AT31;41343;Aigen-Schlägl;2015;148;14;162;112;5;117
AT31;41344;Rohrbach-Berg;2015;314;44;358;234;36;270
AT31;41401;Altschwendt;2015;36;5;41;12;0;12
AT31;41402;Andorf;2015;155;29;184;153;11;164
AT31;41403;Brunnenthal;2015;103;23;126;115;21;136
AT31;41404;Diersbach;2015;85;3;88;58;7;65
AT31;41405;Dorf an der Pram;2015;37;16;53;60;1;61
AT31;41406;Eggerding;2015;57;22;79;46;2;48
AT31;41407;Engelhartszell;2015;71;24;95;71;7;78
AT31;41408;Enzenkirchen;2015;28;3;31;40;4;44
AT31;41409;Esternberg;2015;101;17;118;65;13;78
AT31;41410;Freinberg;2015;37;56;93;34;48;82
AT31;41411;Kopfing im Innkreis;2015;66;10;76;67;7;74
AT31;41412;Mayrhof;2015;14;1;15;9;1;10
AT31;41413;Münzkirchen;2015;106;17;123;82;8;90
AT31;41414;Raab;2015;118;33;151;109;14;123
AT31;41415;Rainbach im Innkreis;2015;36;3;39;56;4;60
AT31;41416;Riedau;2015;97;10;107;105;5;110
AT31;41417;St. Aegidi;2015;34;4;38;49;4;53
AT31;41418;St. Florian am Inn;2015;181;47;228;178;25;203
AT31;41419;St. Marienkirchen bei Schärding;2015;70;15;85;115;6;121
AT31;41420;St. Roman;2015;39;9;48;39;5;44
AT31;41421;St. Willibald;2015;32;9;41;32;2;34
AT31;41422;Schärding;2015;389;119;508;292;88;380
AT31;41423;Schardenberg;2015;65;49;114;93;29;122
AT31;41424;Sigharting;2015;76;23;99;59;10;69
AT31;41425;Suben;2015;258;35;293;134;92;226
AT31;41426;Taufkirchen an der Pram;2015;129;16;145;89;3;92
AT31;41427;Vichtenstein;2015;49;19;68;67;21;88
AT31;41428;Waldkirchen am Wesen;2015;33;15;48;25;7;32
AT31;41429;Wernstein am Inn;2015;93;36;129;102;27;129
AT31;41430;Zell an der Pram;2015;79;14;93;79;8;87
AT31;41501;Adlwang;2015;96;5;101;77;3;80
AT31;41502;Aschach an der Steyr;2015;107;8;115;83;3;86
AT31;41503;Bad Hall;2015;437;94;531;266;29;295
AT31;41504;Dietach;2015;171;23;194;115;9;124
AT31;41505;Gaflenz;2015;61;14;75;45;3;48
AT31;41506;Garsten;2015;402;62;464;384;51;435
AT31;41507;Großraming;2015;116;32;148;121;27;148
AT31;41508;Laussa;2015;22;1;23;20;2;22
AT31;41509;Losenstein;2015;82;13;95;57;1;58
AT31;41510;Maria Neustift;2015;30;2;32;54;0;54
AT31;41511;Pfarrkirchen bei Bad Hall;2015;99;7;106;115;5;120
AT31;41512;Reichraming;2015;53;5;58;66;3;69
AT31;41513;Rohr im Kremstal;2015;125;12;137;60;1;61
AT31;41514;St. Ulrich bei Steyr;2015;97;10;107;90;10;100
AT31;41515;Schiedlberg;2015;47;28;75;61;7;68
AT31;41516;Sierning;2015;435;113;548;484;59;543
AT31;41517;Ternberg;2015;147;42;189;137;15;152
AT31;41518;Waldneukirchen;2015;72;22;94;112;16;128
AT31;41521;Wolfern;2015;217;16;233;117;9;126
AT31;41522;Weyer;2015;182;79;261;116;21;137
AT31;41601;Alberndorf in der Riedmark;2015;172;7;179;176;5;181
AT31;41602;Altenberg bei Linz;2015;187;29;216;195;12;207
AT31;41603;Bad Leonfelden;2015;225;39;264;144;18;162
AT31;41604;Eidenberg;2015;117;7;124;108;1;109
AT31;41605;Engerwitzdorf;2015;417;60;477;381;38;419
AT31;41606;Feldkirchen an der Donau;2015;166;115;281;271;17;288
AT31;41607;Gallneukirchen;2015;453;56;509;371;20;391
AT31;41608;Goldwörth;2015;30;3;33;55;3;58
AT31;41609;Gramastetten;2015;264;23;287;203;13;216
AT31;41610;Haibach im Mühlkreis;2015;34;2;36;27;2;29
AT31;41611;Hellmonsödt;2015;166;19;185;125;5;130
AT31;41612;Herzogsdorf;2015;89;1;90;68;2;70
AT31;41613;Kirchschlag bei Linz;2015;122;26;148;94;9;103
AT31;41614;Lichtenberg;2015;129;27;156;126;12;138
AT31;41615;Oberneukirchen;2015;132;11;143;115;13;128
AT31;41616;Ottenschlag im Mühlkreis;2015;10;0;10;19;0;19
AT31;41617;Ottensheim;2015;368;43;411;294;19;313
AT31;41618;Puchenau;2015;221;31;252;206;32;238
AT31;41619;Reichenau im Mühlkreis;2015;55;19;74;94;1;95
AT31;41620;Reichenthal;2015;44;22;66;65;7;72
AT31;41621;St. Gotthard im Mühlkreis;2015;74;8;82;67;3;70
AT31;41622;Schenkenfelden;2015;76;7;83;56;8;64
AT31;41623;Sonnberg im Mühlkreis;2015;55;6;61;63;1;64
AT31;41624;Steyregg;2015;369;147;516;458;30;488
AT31;41625;Vorderweißenbach;2015;58;7;65;55;2;57
AT31;41626;Walding;2015;249;18;267;184;28;212
AT31;41627;Zwettl an der Rodl;2015;76;6;82;93;5;98
AT31;41701;Ampflwang im Hausruckwald;2015;170;64;234;215;27;242
AT31;41702;Attersee am Attersee;2015;82;27;109;113;6;119
AT31;41703;Attnang-Puchheim;2015;512;172;684;538;53;591
AT31;41704;Atzbach;2015;44;6;50;45;2;47
AT31;41705;Aurach am Hongar;2015;76;8;84;79;4;83
AT31;41706;Berg im Attergau;2015;43;15;58;36;8;44
AT31;41707;Desselbrunn;2015;72;10;82;77;1;78
AT31;41708;Fornach;2015;28;6;34;34;1;35
AT31;41709;Frankenburg am Hausruck;2015;251;59;310;207;21;228
AT31;41710;Frankenmarkt;2015;201;63;264;210;23;233
AT31;41711;Gampern;2015;134;9;143;117;10;127
AT31;41712;Innerschwand am Mondsee;2015;64;35;99;39;3;42
AT31;41713;Lenzing;2015;337;45;382;328;21;349
AT31;41714;Manning;2015;29;8;37;39;2;41
AT31;41715;Mondsee;2015;466;280;746;506;56;562
AT31;41716;Neukirchen an der Vöckla;2015;81;7;88;90;8;98
AT31;41717;Niederthalheim;2015;33;19;52;32;6;38
AT31;41718;Nußdorf am Attersee;2015;45;8;53;55;6;61
AT31;41719;Oberhofen am Irrsee;2015;61;30;91;82;9;91
AT31;41720;Oberndorf bei Schwanenstadt;2015;54;7;61;73;1;74
AT31;41721;Oberwang;2015;47;7;54;41;0;41
AT31;41722;Ottnang am Hausruck;2015;197;58;255;245;23;268
AT31;41723;Pfaffing;2015;108;20;128;59;0;59
AT31;41724;Pilsbach;2015;21;3;24;23;1;24
AT31;41725;Pitzenberg;2015;16;0;16;16;0;16
AT31;41726;Pöndorf;2015;102;15;117;90;3;93
AT31;41727;Puchkirchen am Trattberg;2015;65;30;95;63;9;72
AT31;41728;Pühret;2015;20;3;23;22;0;22
AT31;41729;Redleiten;2015;34;6;40;28;0;28
AT31;41730;Redlham;2015;60;8;68;79;8;87
AT31;41731;Regau;2015;369;42;411;327;28;355
AT31;41732;Rüstorf;2015;108;11;119;71;13;84
AT31;41733;Rutzenham;2015;9;1;10;11;0;11
AT31;41734;St. Georgen im Attergau;2015;371;4459;4830;4657;136;4793
AT31;41735;St. Lorenz;2015;111;21;132;124;16;140
AT31;41736;Schlatt;2015;72;9;81;77;3;80
AT31;41737;Schörfling am Attersee;2015;223;20;243;188;16;204
AT31;41738;Schwanenstadt;2015;350;134;484;307;58;365
AT31;41739;Seewalchen am Attersee;2015;270;58;328;287;19;306
AT31;41740;Steinbach am Attersee;2015;58;122;180;173;12;185
AT31;41741;Straß im Attergau;2015;80;14;94;88;17;105
AT31;41742;Tiefgraben;2015;227;77;304;198;32;230
AT31;41743;Timelkam;2015;489;147;636;512;95;607
AT31;41744;Ungenach;2015;83;22;105;54;1;55
AT31;41745;Unterach am Attersee;2015;55;22;77;60;12;72
AT31;41746;Vöcklabruck;2015;1023;213;1236;874;97;971
AT31;41747;Vöcklamarkt;2015;257;78;335;233;21;254
AT31;41748;Weißenkirchen im Attergau;2015;31;0;31;25;2;27
AT31;41749;Weyregg am Attersee;2015;88;12;100;59;10;69
AT31;41750;Wolfsegg am Hausruck;2015;101;36;137;117;9;126
AT31;41751;Zell am Moos;2015;77;42;119;96;9;105
AT31;41752;Zell am Pettenfirst;2015;87;14;101;59;11;70
AT31;41801;Aichkirchen;2015;16;1;17;20;1;21
AT31;41802;Bachmanning;2015;44;8;52;36;4;40
AT31;41803;Bad Wimsbach-Neydharting;2015;103;15;118;99;9;108
AT31;41804;Buchkirchen;2015;196;69;265;238;29;267
AT31;41805;Eberstalzell;2015;163;13;176;85;3;88
AT31;41806;Edt bei Lambach;2015;200;12;212;105;10;115
AT31;41807;Fischlham;2015;40;2;42;40;5;45
AT31;41808;Gunskirchen;2015;239;57;296;186;37;223
AT31;41809;Holzhausen;2015;126;6;132;32;9;41
AT31;41810;Krenglbach;2015;107;8;115;101;1;102
AT31;41811;Lambach;2015;327;89;416;255;58;313
AT31;41812;Marchtrenk;2015;689;193;882;607;83;690
AT31;41813;Neukirchen bei Lambach;2015;43;6;49;36;2;38
AT31;41814;Offenhausen;2015;74;9;83;81;7;88
AT31;41815;Pennewang;2015;36;1;37;33;1;34
AT31;41816;Pichl bei Wels;2015;117;32;149;129;6;135
AT31;41817;Sattledt;2015;153;41;194;122;47;169
AT31;41818;Schleißheim;2015;57;11;68;61;2;63
AT31;41819;Sipbachzell;2015;82;11;93;87;8;95
AT31;41820;Stadl-Paura;2015;227;118;345;280;50;330
AT31;41821;Steinerkirchen an der Traun;2015;73;24;97;87;9;96
AT31;41822;Steinhaus;2015;109;13;122;89;9;98
AT31;41823;Thalheim bei Wels;2015;328;75;403;347;29;376
AT31;41824;Weißkirchen an der Traun;2015;184;43;227;157;23;180
AT31;40101;Linz;2014;9343;5058;14401;8663;2359;11022
AT31;40201;Steyr;2014;1554;526;2080;1598;286;1884
AT31;40301;Wels;2014;2482;1417;3899;2756;679;3435
AT31;40401;Altheim;2014;197;73;270;189;23;212
AT31;40402;Aspach;2014;101;31;132;111;10;121
AT31;40403;Auerbach;2014;41;13;54;22;8;30
AT31;40404;Braunau am Inn;2014;623;397;1020;644;191;835
AT31;40405;Burgkirchen;2014;162;16;178;139;23;162
AT31;40406;Eggelsberg;2014;87;32;119;95;15;110
AT31;40407;Feldkirchen bei Mattighofen;2014;64;10;74;62;10;72
AT31;40408;Franking;2014;30;31;61;36;11;47
AT31;40409;Geretsberg;2014;75;29;104;87;23;110
AT31;40410;Gilgenberg am Weilhart;2014;48;15;63;47;4;51
AT31;40411;Haigermoos;2014;23;5;28;24;3;27
AT31;40412;Handenberg;2014;41;5;46;41;7;48
AT31;40413;Helpfau-Uttendorf;2014;194;67;261;140;14;154
AT31;40414;Hochburg-Ach;2014;62;62;124;71;49;120
AT31;40415;Höhnhart;2014;34;11;45;41;5;46
AT31;40416;Jeging;2014;41;7;48;34;1;35
AT31;40417;Kirchberg bei Mattighofen;2014;39;8;47;52;3;55
AT31;40418;Lengau;2014;194;54;248;188;27;215
AT31;40419;Lochen am See;2014;118;10;128;82;11;93
AT31;40420;Maria Schmolln;2014;111;13;124;23;5;28
AT31;40421;Mattighofen;2014;375;197;572;380;95;475
AT31;40422;Mauerkirchen;2014;240;122;362;208;30;238
AT31;40423;Mining;2014;39;7;46;34;8;42
AT31;40424;Moosbach;2014;59;6;65;56;1;57
AT31;40425;Moosdorf;2014;77;11;88;62;8;70
AT31;40426;Munderfing;2014;138;44;182;138;13;151
AT31;40427;Neukirchen an der Enknach;2014;87;10;97;81;7;88
AT31;40428;Ostermiething;2014;155;56;211;113;12;125
AT31;40429;Palting;2014;42;3;45;49;3;52
AT31;40430;Perwang am Grabensee;2014;37;15;52;33;8;41
AT31;40431;Pfaffstätt;2014;56;23;79;70;5;75
AT31;40432;Pischelsdorf am Engelbach;2014;75;24;99;85;7;92
AT31;40433;Polling im Innkreis;2014;32;6;38;40;2;42
AT31;40434;Roßbach;2014;23;3;26;30;3;33
AT31;40435;St. Georgen am Fillmannsbach;2014;6;1;7;8;0;8
AT31;40436;St. Johann am Walde;2014;63;18;81;57;18;75
AT31;40437;St. Pantaleon;2014;114;36;150;196;24;220
AT31;40438;St. Peter am Hart;2014;130;82;212;114;66;180
AT31;40439;St. Radegund;2014;23;4;27;10;7;17
AT31;40440;St. Veit im Innkreis;2014;21;4;25;16;1;17
AT31;40441;Schalchen;2014;179;59;238;200;27;227
AT31;40442;Schwand im Innkreis;2014;25;7;32;15;2;17
AT31;40443;Tarsdorf;2014;54;15;69;57;11;68
AT31;40444;Treubach;2014;23;6;29;35;6;41
AT31;40445;Überackern;2014;17;22;39;20;4;24
AT31;40446;Weng im Innkreis;2014;59;9;68;50;9;59
AT31;40501;Alkoven;2014;258;28;286;194;16;210
AT31;40502;Aschach an der Donau;2014;84;10;94;94;6;100
AT31;40503;Eferding;2014;291;50;341;269;25;294
AT31;40504;Fraham;2014;107;8;115;77;11;88
AT31;40505;Haibach ob der Donau;2014;32;1;33;32;3;35
AT31;40506;Hartkirchen;2014;92;9;101;140;4;144
AT31;40507;Hinzenbach;2014;84;7;91;94;2;96
AT31;40508;Prambachkirchen;2014;115;9;124;120;5;125
AT31;40509;Pupping;2014;85;11;96;70;8;78
AT31;40510;St. Marienkirchen an der Polsenz;2014;108;10;118;96;3;99
AT31;40511;Scharten;2014;132;28;160;126;5;131
AT31;40512;Stroheim;2014;52;0;52;62;1;63
AT31;40601;Freistadt;2014;356;60;416;381;22;403
AT31;40602;Grünbach;2014;55;2;57;64;2;66
AT31;40603;Gutau;2014;81;30;111;95;2;97
AT31;40604;Hagenberg im Mühlkreis;2014;130;13;143;141;5;146
AT31;40605;Hirschbach im Mühlkreis;2014;22;4;26;33;4;37
AT31;40606;Kaltenberg;2014;15;0;15;8;0;8
AT31;40607;Kefermarkt;2014;99;10;109;106;1;107
AT31;40608;Königswiesen;2014;45;1;46;57;5;62
AT31;40609;Lasberg;2014;85;8;93;88;8;96
AT31;40610;Leopoldschlag;2014;25;0;25;24;2;26
AT31;40611;Liebenau;2014;37;1;38;47;1;48
AT31;40612;Neumarkt im Mühlkreis;2014;114;9;123;103;8;111
AT31;40613;Pierbach;2014;17;6;23;38;0;38
AT31;40614;Pregarten;2014;200;24;224;205;12;217
AT31;40615;Rainbach im Mühlkreis;2014;68;16;84;115;7;122
AT31;40616;Sandl;2014;26;6;32;52;5;57
AT31;40617;St. Leonhard bei Freistadt;2014;27;0;27;48;5;53
AT31;40618;St. Oswald bei Freistadt;2014;87;3;90;85;3;88
AT31;40619;Schönau im Mühlkreis;2014;48;4;52;32;4;36
AT31;40620;Tragwein;2014;69;10;79;125;2;127
AT31;40621;Unterweißenbach;2014;50;4;54;59;3;62
AT31;40622;Unterweitersdorf;2014;60;5;65;80;2;82
AT31;40623;Waldburg;2014;33;5;38;38;4;42
AT31;40624;Wartberg ob der Aist;2014;181;10;191;146;4;150
AT31;40625;Weitersfelden;2014;20;1;21;33;2;35
AT31;40626;Windhaag bei Freistadt;2014;37;18;55;65;6;71
AT31;40627;Bad Zell;2014;88;18;106;91;6;97
AT31;40701;Altmünster;2014;453;108;561;422;80;502
AT31;40702;Bad Goisern am Hallstättersee;2014;195;54;249;246;31;277
AT31;40703;Bad Ischl;2014;557;161;718;523;86;609
AT31;40704;Ebensee;2014;180;53;233;218;21;239
AT31;40705;Gmunden;2014;768;251;1019;757;120;877
AT31;40706;Gosau;2014;46;21;67;53;16;69
AT31;40707;Grünau im Almtal;2014;90;26;116;98;13;111
AT31;40708;Gschwandt;2014;96;13;109;106;11;117
AT31;40709;Hallstatt;2014;33;29;62;53;17;70
AT31;40710;Kirchham;2014;84;5;89;69;6;75
AT31;40711;Laakirchen;2014;433;77;510;414;40;454
AT31;40712;Obertraun;2014;33;24;57;46;11;57
AT31;40713;Ohlsdorf;2014;172;37;209;217;26;243
AT31;40714;Pinsdorf;2014;222;69;291;199;41;240
AT31;40715;Roitham;2014;94;11;105;101;3;104
AT31;40716;St. Konrad;2014;37;4;41;32;1;33
AT31;40717;St. Wolfgang im Salzkammergut;2014;88;21;109;106;26;132
AT31;40718;Traunkirchen;2014;76;12;88;87;14;101
AT31;40719;Scharnstein;2014;171;25;196;168;9;177
AT31;40720;Vorchdorf;2014;259;52;311;260;32;292
AT31;40801;Aistersheim;2014;33;6;39;60;4;64
AT31;40802;Bad Schallerbach;2014;279;68;347;219;33;252
AT31;40803;Bruck-Waasen;2014;111;5;116;98;8;106
AT31;40804;Eschenau im Hausruckkreis;2014;34;4;38;46;0;46
AT31;40805;Gallspach;2014;357;142;499;358;37;395
AT31;40806;Gaspoltshofen;2014;140;23;163;118;7;125
AT31;40807;Geboltskirchen;2014;57;6;63;52;4;56
AT31;40808;Grieskirchen;2014;267;66;333;303;25;328
AT31;40809;Haag am Hausruck;2014;105;33;138;117;13;130
AT31;40810;Heiligenberg;2014;25;4;29;23;0;23
AT31;40811;Hofkirchen an der Trattnach;2014;78;8;86;70;2;72
AT31;40812;Kallham;2014;82;11;93;106;16;122
AT31;40813;Kematen am Innbach;2014;75;6;81;68;2;70
AT31;40814;Meggenhofen;2014;79;2;81;29;6;35
AT31;40815;Michaelnbach;2014;21;6;27;32;1;33
AT31;40816;Natternbach;2014;53;5;58;62;7;69
AT31;40817;Neukirchen am Walde;2014;31;11;42;47;2;49
AT31;40818;Neumarkt im Hausruckkreis;2014;60;13;73;100;8;108
AT31;40819;Peuerbach;2014;136;21;157;140;6;146
AT31;40820;Pötting;2014;15;0;15;11;1;12
AT31;40821;Pollham;2014;25;5;30;31;3;34
AT31;40822;Pram;2014;75;3;78;55;13;68
AT31;40823;Rottenbach;2014;25;9;34;38;2;40
AT31;40824;St. Agatha;2014;54;7;61;60;1;61
AT31;40825;St. Georgen bei Grieskirchen;2014;86;3;89;74;2;76
AT31;40826;St. Thomas;2014;34;2;36;24;0;24
AT31;40827;Schlüßlberg;2014;167;9;176;143;4;147
AT31;40828;Steegen;2014;38;2;40;45;0;45
AT31;40829;Taufkirchen an der Trattnach;2014;78;6;84;90;6;96
AT31;40830;Tollet;2014;63;2;65;44;2;46
AT31;40831;Waizenkirchen;2014;162;28;190;129;12;141
AT31;40832;Wallern an der Trattnach;2014;133;22;155;109;26;135
AT31;40833;Weibern;2014;54;15;69;46;2;48
AT31;40834;Wendling;2014;33;0;33;19;2;21
AT31;40901;Edlbach;2014;12;3;15;24;2;26
AT31;40902;Grünburg;2014;178;43;221;199;26;225
AT31;40903;Hinterstoder;2014;28;11;39;37;3;40
AT31;40904;Inzersdorf im Kremstal;2014;58;8;66;96;1;97
AT31;40905;Kirchdorf an der Krems;2014;370;29;399;270;16;286
AT31;40906;Klaus an der Pyhrnbahn;2014;33;19;52;43;11;54
AT31;40907;Kremsmünster;2014;252;82;334;234;28;262
AT31;40908;Micheldorf in Oberösterreich;2014;251;41;292;273;15;288
AT31;40909;Molln;2014;98;8;106;138;5;143
AT31;40910;Nußbach;2014;70;15;85;94;7;101
AT31;40911;Oberschlierbach;2014;29;4;33;18;1;19
AT31;40912;Pettenbach;2014;208;19;227;187;22;209
AT31;40913;Ried im Traunkreis;2014;133;17;150;134;13;147
AT31;40914;Rosenau am Hengstpaß;2014;23;4;27;37;1;38
AT31;40915;Roßleithen;2014;65;10;75;87;9;96
AT31;40916;St. Pankraz;2014;13;2;15;21;2;23
AT31;40917;Schlierbach;2014;183;55;238;199;14;213
AT31;40918;Spital am Pyhrn;2014;105;22;127;78;12;90
AT31;40919;Steinbach am Ziehberg;2014;33;2;35;32;3;35
AT31;40920;Steinbach an der Steyr;2014;86;11;97;78;4;82
AT31;40921;Vorderstoder;2014;19;9;28;22;4;26
AT31;40922;Wartberg an der Krems;2014;124;24;148;132;10;142
AT31;40923;Windischgarsten;2014;123;14;137;116;10;126
AT31;41001;Allhaming;2014;63;21;84;44;10;54
AT31;41002;Ansfelden;2014;914;383;1297;1012;167;1179
AT31;41003;Asten;2014;381;85;466;372;22;394
AT31;41004;Eggendorf im Traunkreis;2014;60;3;63;44;3;47
AT31;41005;Enns;2014;571;245;816;607;93;700
AT31;41006;Hargelsberg;2014;87;5;92;70;0;70
AT31;41007;Hörsching;2014;334;97;431;392;52;444
AT31;41008;Hofkirchen im Traunkreis;2014;79;13;92;91;6;97
AT31;41009;Kematen an der Krems;2014;155;55;210;157;44;201
AT31;41010;Kirchberg-Thening;2014;125;16;141;93;7;100
AT31;41011;Kronstorf;2014;131;35;166;158;21;179
AT31;41012;Leonding;2014;1948;417;2365;1705;208;1913
AT31;41013;St. Florian;2014;232;31;263;262;25;287
AT31;41014;Neuhofen an der Krems;2014;419;62;481;295;30;325
AT31;41015;Niederneukirchen;2014;83;5;88;67;5;72
AT31;41016;Oftering;2014;115;12;127;70;14;84
AT31;41017;Pasching;2014;469;112;581;457;70;527
AT31;41018;Piberbach;2014;66;19;85;63;16;79
AT31;41019;Pucking;2014;175;13;188;165;11;176
AT31;41020;St. Marien;2014;192;28;220;229;16;245
AT31;41021;Traun;2014;1336;543;1879;1528;285;1813
AT31;41022;Wilhering;2014;173;66;239;247;61;308
AT31;41101;Allerheiligen im Mühlkreis;2014;53;2;55;38;1;39
AT31;41102;Arbing;2014;48;9;57;36;2;38
AT31;41103;Baumgartenberg;2014;66;44;110;95;12;107
AT31;41104;Dimbach;2014;28;1;29;29;2;31
AT31;41105;Grein;2014;146;17;163;121;7;128
AT31;41106;Katsdorf;2014;159;1;160;130;6;136
AT31;41107;Klam;2014;31;6;37;46;4;50
AT31;41108;Bad Kreuzen;2014;525;378;903;755;110;865
AT31;41109;Langenstein;2014;162;24;186;165;19;184
AT31;41110;Luftenberg an der Donau;2014;165;20;185;205;10;215
AT31;41111;Mauthausen;2014;237;107;344;290;59;349
AT31;41112;Mitterkirchen im Machland;2014;80;18;98;71;3;74
AT31;41113;Münzbach;2014;45;34;79;59;3;62
AT31;41114;Naarn im Machlande;2014;106;29;135;139;17;156
AT31;41115;Pabneukirchen;2014;31;1;32;46;1;47
AT31;41116;Perg;2014;414;95;509;343;63;406
AT31;41117;Rechberg;2014;22;7;29;28;1;29
AT31;41118;Ried in der Riedmark;2014;126;10;136;158;6;164
AT31;41119;St. Georgen am Walde;2014;38;8;46;69;5;74
AT31;41120;St. Georgen an der Gusen;2014;189;16;205;152;9;161
AT31;41121;St. Nikola an der Donau;2014;83;42;125;119;3;122
AT31;41122;St. Thomas am Blasenstein;2014;17;4;21;22;0;22
AT31;41123;Saxen;2014;89;9;98;84;4;88
AT31;41124;Schwertberg;2014;229;47;276;257;35;292
AT31;41125;Waldhausen im Strudengau;2014;89;28;117;88;5;93
AT31;41126;Windhaag bei Perg;2014;53;10;63;51;1;52
AT31;41201;Andrichsfurt;2014;42;6;48;27;2;29
AT31;41202;Antiesenhofen;2014;35;29;64;63;9;72
AT31;41203;Aurolzmünster;2014;134;32;166;170;13;183
AT31;41204;Eberschwang;2014;118;21;139;123;4;127
AT31;41205;Eitzing;2014;45;0;45;35;0;35
AT31;41206;Geiersberg;2014;11;2;13;16;1;17
AT31;41207;Geinberg;2014;80;40;120;84;25;109
AT31;41208;Gurten;2014;40;2;42;71;2;73
AT31;41209;Hohenzell;2014;103;8;111;88;6;94
AT31;41210;Kirchdorf am Inn;2014;25;12;37;33;2;35
AT31;41211;Kirchheim im Innkreis;2014;26;5;31;30;2;32
AT31;41212;Lambrechten;2014;42;6;48;41;1;42
AT31;41213;Lohnsburg am Kobernaußerwald;2014;72;16;88;59;3;62
AT31;41214;Mehrnbach;2014;116;18;134;114;5;119
AT31;41215;Mettmach;2014;40;13;53;79;12;91
AT31;41216;Mörschwang;2014;10;2;12;13;0;13
AT31;41217;Mühlheim am Inn;2014;29;8;37;23;2;25
AT31;41218;Neuhofen im Innkreis;2014;157;14;171;95;9;104
AT31;41219;Obernberg am Inn;2014;113;68;181;85;24;109
AT31;41220;Ort im Innkreis;2014;50;17;67;63;14;77
AT31;41221;Pattigham;2014;37;1;38;35;3;38
AT31;41222;Peterskirchen;2014;18;2;20;27;0;27
AT31;41223;Pramet;2014;29;6;35;34;2;36
AT31;41224;Reichersberg;2014;104;35;139;73;36;109
AT31;41225;Ried im Innkreis;2014;784;191;975;806;181;987
AT31;41226;St. Georgen bei Obernberg am Inn;2014;19;5;24;36;6;42
AT31;41227;St. Marienkirchen am Hausruck;2014;29;1;30;30;0;30
AT31;41228;St. Martin im Innkreis;2014;115;47;162;80;13;93
AT31;41229;Schildorn;2014;46;3;49;31;5;36
AT31;41230;Senftenbach;2014;48;7;55;38;2;40
AT31;41231;Taiskirchen im Innkreis;2014;65;6;71;90;6;96
AT31;41232;Tumeltsham;2014;63;3;66;56;5;61
AT31;41233;Utzenaich;2014;73;17;90;87;5;92
AT31;41234;Waldzell;2014;115;29;144;85;8;93
AT31;41235;Weilbach;2014;20;6;26;18;3;21
AT31;41236;Wippenham;2014;24;0;24;16;0;16
AT31;41301;Afiesl;2014;7;7;14;15;1;16
AT31;41302;Ahorn;2014;20;0;20;16;0;16
AT31;41304;Altenfelden;2014;91;9;100;85;3;88
AT31;41305;Arnreit;2014;30;0;30;34;2;36
AT31;41306;Atzesberg;2014;14;2;16;26;2;28
AT31;41307;Auberg;2014;12;0;12;20;0;20
AT31;41309;Haslach an der Mühl;2014;146;39;185;144;7;151
AT31;41310;Helfenberg;2014;43;1;44;35;0;35
AT31;41311;Hörbich;2014;3;1;4;9;0;9
AT31;41312;Hofkirchen im Mühlkreis;2014;28;5;33;46;7;53
AT31;41313;Julbach;2014;32;7;39;58;1;59
AT31;41314;Kirchberg ob der Donau;2014;29;0;29;37;1;38
AT31;41315;Klaffer am Hochficht;2014;77;33;110;88;6;94
AT31;41316;Kleinzell im Mühlkreis;2014;79;4;83;45;5;50
AT31;41317;Kollerschlag;2014;37;5;42;38;9;47
AT31;41318;Lembach im Mühlkreis;2014;46;7;53;52;1;53
AT31;41319;Lichtenau im Mühlkreis;2014;14;2;16;22;3;25
AT31;41320;Nebelberg;2014;12;3;15;12;1;13
AT31;41321;Neufelden;2014;77;25;102;103;0;103
AT31;41322;Niederkappel;2014;14;3;17;23;1;24
AT31;41323;Niederwaldkirchen;2014;37;5;42;47;1;48
AT31;41324;Oberkappel;2014;30;11;41;35;7;42
AT31;41325;Oepping;2014;45;0;45;60;2;62
AT31;41326;Peilstein im Mühlviertel;2014;36;1;37;46;0;46
AT31;41327;Pfarrkirchen im Mühlkreis;2014;27;7;34;45;2;47
AT31;41328;Putzleinsdorf;2014;36;2;38;46;6;52
AT31;41329;Neustift im Mühlkreis;2014;18;7;25;41;7;48
AT31;41331;St. Johann am Wimberg;2014;35;1;36;43;2;45
AT31;41332;St. Martin im Mühlkreis;2014;134;13;147;169;7;176
AT31;41333;St. Oswald bei Haslach;2014;31;2;33;11;0;11
AT31;41334;St. Peter am Wimberg;2014;65;2;67;38;2;40
AT31;41335;St. Stefan am Walde;2014;19;1;20;36;1;37
AT31;41336;St. Ulrich im Mühlkreis;2014;26;3;29;41;1;42
AT31;41337;St. Veit im Mühlkreis;2014;28;1;29;60;4;64
AT31;41338;Sarleinsbach;2014;56;6;62;86;1;87
AT31;41340;Schönegg;2014;34;3;37;27;3;30
AT31;41341;Schwarzenberg am Böhmerwald;2014;38;19;57;30;6;36
AT31;41342;Ulrichsberg;2014;104;10;114;110;15;125
AT31;41343;Aigen-Schlägl;2014;101;7;108;112;7;119
AT31;41344;Rohrbach-Berg;2014;244;28;272;224;18;242
AT31;41401;Altschwendt;2014;29;0;29;20;1;21
AT31;41402;Andorf;2014;186;22;208;179;22;201
AT31;41403;Brunnenthal;2014;119;27;146;99;16;115
AT31;41404;Diersbach;2014;35;7;42;72;3;75
AT31;41405;Dorf an der Pram;2014;24;2;26;28;2;30
AT31;41406;Eggerding;2014;45;6;51;38;0;38
AT31;41407;Engelhartszell;2014;55;20;75;66;2;68
AT31;41408;Enzenkirchen;2014;55;4;59;30;1;31
AT31;41409;Esternberg;2014;89;19;108;64;16;80
AT31;41410;Freinberg;2014;35;38;73;56;35;91
AT31;41411;Kopfing im Innkreis;2014;60;11;71;66;24;90
AT31;41412;Mayrhof;2014;14;0;14;18;0;18
AT31;41413;Münzkirchen;2014;52;6;58;78;3;81
AT31;41414;Raab;2014;94;34;128;115;14;129
AT31;41415;Rainbach im Innkreis;2014;65;13;78;55;6;61
AT31;41416;Riedau;2014;120;5;125;79;4;83
AT31;41417;St. Aegidi;2014;45;3;48;46;7;53
AT31;41418;St. Florian am Inn;2014;164;37;201;183;16;199
AT31;41419;St. Marienkirchen bei Schärding;2014;75;9;84;82;10;92
AT31;41420;St. Roman;2014;40;8;48;35;4;39
AT31;41421;St. Willibald;2014;33;1;34;41;0;41
AT31;41422;Schärding;2014;293;101;394;265;48;313
AT31;41423;Schardenberg;2014;78;60;138;60;41;101
AT31;41424;Sigharting;2014;42;3;45;45;2;47
AT31;41425;Suben;2014;202;31;233;147;82;229
AT31;41426;Taufkirchen an der Pram;2014;77;22;99;97;8;105
AT31;41427;Vichtenstein;2014;20;12;32;42;6;48
AT31;41428;Waldkirchen am Wesen;2014;21;4;25;44;4;48
AT31;41429;Wernstein am Inn;2014;93;30;123;67;10;77
AT31;41430;Zell an der Pram;2014;85;26;111;77;9;86
AT31;41501;Adlwang;2014;92;5;97;73;3;76
AT31;41502;Aschach an der Steyr;2014;91;5;96;74;6;80
AT31;41503;Bad Hall;2014;304;41;345;286;25;311
AT31;41504;Dietach;2014;147;16;163;151;1;152
AT31;41505;Gaflenz;2014;48;4;52;42;3;45
AT31;41506;Garsten;2014;386;51;437;360;47;407
AT31;41507;Großraming;2014;88;27;115;76;3;79
AT31;41508;Laussa;2014;42;0;42;54;2;56
AT31;41509;Losenstein;2014;42;6;48;69;2;71
AT31;41510;Maria Neustift;2014;42;10;52;55;0;55
AT31;41511;Pfarrkirchen bei Bad Hall;2014;107;13;120;101;8;109
AT31;41512;Reichraming;2014;55;11;66;57;1;58
AT31;41513;Rohr im Kremstal;2014;61;11;72;55;3;58
AT31;41514;St. Ulrich bei Steyr;2014;137;3;140;126;13;139
AT31;41515;Schiedlberg;2014;41;6;47;57;1;58
AT31;41516;Sierning;2014;506;103;609;397;64;461
AT31;41517;Ternberg;2014;106;24;130;156;10;166
AT31;41518;Waldneukirchen;2014;102;13;115;96;19;115
AT31;41521;Wolfern;2014;154;4;158;122;9;131
AT31;41522;Weyer;2014;130;47;177;149;11;160
AT31;41601;Alberndorf in der Riedmark;2014;160;6;166;151;2;153
AT31;41602;Altenberg bei Linz;2014;211;18;229;158;15;173
AT31;41603;Bad Leonfelden;2014;151;30;181;153;29;182
AT31;41604;Eidenberg;2014;62;4;66;97;2;99
AT31;41605;Engerwitzdorf;2014;374;46;420;324;22;346
AT31;41606;Feldkirchen an der Donau;2014;188;17;205;146;22;168
AT31;41607;Gallneukirchen;2014;311;36;347;332;20;352
AT31;41608;Goldwörth;2014;39;1;40;40;4;44
AT31;41609;Gramastetten;2014;257;13;270;164;18;182
AT31;41610;Haibach im Mühlkreis;2014;26;1;27;30;1;31
AT31;41611;Hellmonsödt;2014;103;13;116;122;6;128
AT31;41612;Herzogsdorf;2014;77;3;80;79;4;83
AT31;41613;Kirchschlag bei Linz;2014;81;12;93;85;9;94
AT31;41614;Lichtenberg;2014;109;6;115;82;7;89
AT31;41615;Oberneukirchen;2014;80;38;118;110;12;122
AT31;41616;Ottenschlag im Mühlkreis;2014;28;0;28;10;0;10
AT31;41617;Ottensheim;2014;218;35;253;198;27;225
AT31;41618;Puchenau;2014;185;40;225;218;22;240
AT31;41619;Reichenau im Mühlkreis;2014;91;3;94;54;5;59
AT31;41620;Reichenthal;2014;46;20;66;70;5;75
AT31;41621;St. Gotthard im Mühlkreis;2014;45;10;55;61;1;62
AT31;41622;Schenkenfelden;2014;45;2;47;54;2;56
AT31;41623;Sonnberg im Mühlkreis;2014;37;0;37;28;0;28
AT31;41624;Steyregg;2014;345;104;449;250;26;276
AT31;41625;Vorderweißenbach;2014;44;3;47;53;6;59
AT31;41626;Walding;2014;207;25;232;203;10;213
AT31;41627;Zwettl an der Rodl;2014;101;31;132;69;8;77
AT31;41701;Ampflwang im Hausruckwald;2014;167;69;236;214;17;231
AT31;41702;Attersee am Attersee;2014;95;29;124;98;9;107
AT31;41703;Attnang-Puchheim;2014;502;120;622;556;61;617
AT31;41704;Atzbach;2014;39;8;47;49;2;51
AT31;41705;Aurach am Hongar;2014;82;13;95;73;2;75
AT31;41706;Berg im Attergau;2014;36;10;46;33;3;36
AT31;41707;Desselbrunn;2014;99;9;108;79;5;84
AT31;41708;Fornach;2014;33;1;34;44;1;45
AT31;41709;Frankenburg am Hausruck;2014;155;37;192;137;14;151
AT31;41710;Frankenmarkt;2014;184;79;263;200;15;215
AT31;41711;Gampern;2014;130;12;142;91;7;98
AT31;41712;Innerschwand am Mondsee;2014;44;7;51;56;10;66
AT31;41713;Lenzing;2014;299;51;350;352;25;377
AT31;41714;Manning;2014;23;6;29;25;7;32
AT31;41715;Mondsee;2014;323;81;404;232;40;272
AT31;41716;Neukirchen an der Vöckla;2014;72;17;89;101;7;108
AT31;41717;Niederthalheim;2014;51;13;64;33;6;39
AT31;41718;Nußdorf am Attersee;2014;76;6;82;48;11;59
AT31;41719;Oberhofen am Irrsee;2014;80;20;100;63;13;76
AT31;41720;Oberndorf bei Schwanenstadt;2014;76;3;79;61;3;64
AT31;41721;Oberwang;2014;37;2;39;41;5;46
AT31;41722;Ottnang am Hausruck;2014;170;42;212;212;16;228
AT31;41723;Pfaffing;2014;62;8;70;59;1;60
AT31;41724;Pilsbach;2014;27;1;28;35;0;35
AT31;41725;Pitzenberg;2014;16;2;18;17;1;18
AT31;41726;Pöndorf;2014;87;28;115;108;20;128
AT31;41727;Puchkirchen am Trattberg;2014;54;27;81;64;6;70
AT31;41728;Pühret;2014;22;0;22;14;0;14
AT31;41729;Redleiten;2014;6;3;9;13;1;14
AT31;41730;Redlham;2014;58;15;73;70;18;88
AT31;41731;Regau;2014;374;60;434;343;24;367
AT31;41732;Rüstorf;2014;117;4;121;105;2;107
AT31;41733;Rutzenham;2014;7;0;7;4;0;4
AT31;41734;St. Georgen im Attergau;2014;227;2911;3138;2964;68;3032
AT31;41735;St. Lorenz;2014;99;11;110;121;10;131
AT31;41736;Schlatt;2014;52;11;63;85;1;86
AT31;41737;Schörfling am Attersee;2014;256;66;322;208;32;240
AT31;41738;Schwanenstadt;2014;347;120;467;309;58;367
AT31;41739;Seewalchen am Attersee;2014;321;30;351;278;18;296
AT31;41740;Steinbach am Attersee;2014;111;23;134;108;3;111
AT31;41741;Straß im Attergau;2014;70;21;91;81;4;85
AT31;41742;Tiefgraben;2014;191;59;250;175;26;201
AT31;41743;Timelkam;2014;452;71;523;473;69;542
AT31;41744;Ungenach;2014;72;3;75;59;2;61
AT31;41745;Unterach am Attersee;2014;69;27;96;68;17;85
AT31;41746;Vöcklabruck;2014;803;168;971;814;91;905
AT31;41747;Vöcklamarkt;2014;228;42;270;226;27;253
AT31;41748;Weißenkirchen im Attergau;2014;29;1;30;18;3;21
AT31;41749;Weyregg am Attersee;2014;48;9;57;63;7;70
AT31;41750;Wolfsegg am Hausruck;2014;71;32;103;143;5;148
AT31;41751;Zell am Moos;2014;111;30;141;113;23;136
AT31;41752;Zell am Pettenfirst;2014;74;2;76;50;3;53
AT31;41801;Aichkirchen;2014;12;1;13;18;2;20
AT31;41802;Bachmanning;2014;30;3;33;46;6;52
AT31;41803;Bad Wimsbach-Neydharting;2014;96;7;103;112;0;112
AT31;41804;Buchkirchen;2014;183;97;280;174;89;263
AT31;41805;Eberstalzell;2014;191;7;198;89;1;90
AT31;41806;Edt bei Lambach;2014;111;12;123;109;6;115
AT31;41807;Fischlham;2014;52;2;54;51;1;52
AT31;41808;Gunskirchen;2014;248;57;305;186;28;214
AT31;41809;Holzhausen;2014;84;3;87;66;6;72
AT31;41810;Krenglbach;2014;124;6;130;95;6;101
AT31;41811;Lambach;2014;222;79;301;295;45;340
AT31;41812;Marchtrenk;2014;670;188;858;651;98;749
AT31;41813;Neukirchen bei Lambach;2014;45;4;49;49;4;53
AT31;41814;Offenhausen;2014;96;10;106;69;6;75
AT31;41815;Pennewang;2014;31;0;31;39;3;42
AT31;41816;Pichl bei Wels;2014;101;39;140;145;15;160
AT31;41817;Sattledt;2014;186;41;227;99;14;113
AT31;41818;Schleißheim;2014;76;5;81;69;4;73
AT31;41819;Sipbachzell;2014;100;12;112;87;7;94
AT31;41820;Stadl-Paura;2014;248;92;340;234;46;280
AT31;41821;Steinerkirchen an der Traun;2014;106;15;121;104;10;114
AT31;41822;Steinhaus;2014;83;12;95;65;6;71
AT31;41823;Thalheim bei Wels;2014;357;73;430;362;54;416
AT31;41824;Weißkirchen an der Traun;2014;189;35;224;171;21;192
AT31;40101;Linz;2013;8486;4203;12689;8178;2283;10461
AT31;40201;Steyr;2013;1438;525;1963;1656;288;1944
AT31;40301;Wels;2013;2517;1230;3747;2691;617;3308
AT31;40401;Altheim;2013;179;50;229;180;31;211
AT31;40402;Aspach;2013;79;9;88;82;13;95
AT31;40403;Auerbach;2013;31;15;46;30;6;36
AT31;40404;Braunau am Inn;2013;627;265;892;650;189;839
AT31;40405;Burgkirchen;2013;134;15;149;118;12;130
AT31;40406;Eggelsberg;2013;86;22;108;116;12;128
AT31;40407;Feldkirchen bei Mattighofen;2013;67;14;81;54;8;62
AT31;40408;Franking;2013;26;19;45;60;8;68
AT31;40409;Geretsberg;2013;43;43;86;66;13;79
AT31;40410;Gilgenberg am Weilhart;2013;34;11;45;43;4;47
AT31;40411;Haigermoos;2013;19;3;22;25;2;27
AT31;40412;Handenberg;2013;48;13;61;43;5;48
AT31;40413;Helpfau-Uttendorf;2013;153;64;217;205;16;221
AT31;40414;Hochburg-Ach;2013;54;89;143;69;55;124
AT31;40415;Höhnhart;2013;71;2;73;54;1;55
AT31;40416;Jeging;2013;30;2;32;38;0;38
AT31;40417;Kirchberg bei Mattighofen;2013;48;7;55;49;13;62
AT31;40418;Lengau;2013;206;50;256;182;27;209
AT31;40419;Lochen am See;2013;94;12;106;82;17;99
AT31;40420;Maria Schmolln;2013;74;16;90;38;13;51
AT31;40421;Mattighofen;2013;442;147;589;383;83;466
AT31;40422;Mauerkirchen;2013;187;66;253;178;40;218
AT31;40423;Mining;2013;34;11;45;43;6;49
AT31;40424;Moosbach;2013;51;6;57;35;2;37
AT31;40425;Moosdorf;2013;60;31;91;64;7;71
AT31;40426;Munderfing;2013;168;26;194;148;8;156
AT31;40427;Neukirchen an der Enknach;2013;58;11;69;70;12;82
AT31;40428;Ostermiething;2013;129;25;154;111;24;135
AT31;40429;Palting;2013;34;2;36;31;2;33
AT31;40430;Perwang am Grabensee;2013;53;4;57;38;2;40
AT31;40431;Pfaffstätt;2013;44;16;60;67;8;75
AT31;40432;Pischelsdorf am Engelbach;2013;61;17;78;61;15;76
AT31;40433;Polling im Innkreis;2013;31;4;35;39;4;43
AT31;40434;Roßbach;2013;24;5;29;40;0;40
AT31;40435;St. Georgen am Fillmannsbach;2013;20;1;21;15;2;17
AT31;40436;St. Johann am Walde;2013;43;41;84;70;21;91
AT31;40437;St. Pantaleon;2013;137;32;169;128;20;148
AT31;40438;St. Peter am Hart;2013;89;71;160;124;58;182
AT31;40439;St. Radegund;2013;10;13;23;14;4;18
AT31;40440;St. Veit im Innkreis;2013;13;2;15;13;3;16
AT31;40441;Schalchen;2013;206;21;227;184;18;202
AT31;40442;Schwand im Innkreis;2013;26;5;31;27;0;27
AT31;40443;Tarsdorf;2013;40;24;64;50;8;58
AT31;40444;Treubach;2013;26;20;46;26;4;30
AT31;40445;Überackern;2013;13;17;30;18;12;30
AT31;40446;Weng im Innkreis;2013;46;3;49;59;7;66
AT31;40501;Alkoven;2013;314;28;342;183;15;198
AT31;40502;Aschach an der Donau;2013;112;19;131;126;8;134
AT31;40503;Eferding;2013;260;48;308;223;17;240
AT31;40504;Fraham;2013;124;11;135;97;5;102
AT31;40505;Haibach ob der Donau;2013;41;4;45;33;4;37
AT31;40506;Hartkirchen;2013;144;10;154;179;7;186
AT31;40507;Hinzenbach;2013;91;7;98;118;2;120
AT31;40508;Prambachkirchen;2013;83;17;100;108;6;114
AT31;40509;Pupping;2013;100;5;105;100;5;105
AT31;40510;St. Marienkirchen an der Polsenz;2013;74;9;83;80;4;84
AT31;40511;Scharten;2013;122;16;138;110;11;121
AT31;40512;Stroheim;2013;53;1;54;47;3;50
AT31;40601;Freistadt;2013;344;46;390;341;39;380
AT31;40602;Grünbach;2013;56;0;56;66;1;67
AT31;40603;Gutau;2013;57;11;68;95;7;102
AT31;40604;Hagenberg im Mühlkreis;2013;145;17;162;157;10;167
AT31;40605;Hirschbach im Mühlkreis;2013;32;2;34;20;0;20
AT31;40606;Kaltenberg;2013;17;1;18;17;0;17
AT31;40607;Kefermarkt;2013;72;14;86;82;6;88
AT31;40608;Königswiesen;2013;33;2;35;73;3;76
AT31;40609;Lasberg;2013;84;9;93;91;11;102
AT31;40610;Leopoldschlag;2013;33;7;40;49;8;57
AT31;40611;Liebenau;2013;34;0;34;61;2;63
AT31;40612;Neumarkt im Mühlkreis;2013;81;12;93;112;15;127
AT31;40613;Pierbach;2013;17;3;20;31;0;31
AT31;40614;Pregarten;2013;243;20;263;180;9;189
AT31;40615;Rainbach im Mühlkreis;2013;128;7;135;103;8;111
AT31;40616;Sandl;2013;28;2;30;50;3;53
AT31;40617;St. Leonhard bei Freistadt;2013;26;7;33;44;6;50
AT31;40618;St. Oswald bei Freistadt;2013;114;8;122;76;7;83
AT31;40619;Schönau im Mühlkreis;2013;48;4;52;43;5;48
AT31;40620;Tragwein;2013;80;13;93;98;3;101
AT31;40621;Unterweißenbach;2013;51;2;53;49;4;53
AT31;40622;Unterweitersdorf;2013;91;1;92;53;2;55
AT31;40623;Waldburg;2013;45;4;49;40;6;46
AT31;40624;Wartberg ob der Aist;2013;185;14;199;165;5;170
AT31;40625;Weitersfelden;2013;19;1;20;24;3;27
AT31;40626;Windhaag bei Freistadt;2013;37;9;46;53;4;57
AT31;40627;Bad Zell;2013;111;19;130;103;13;116
AT31;40701;Altmünster;2013;451;105;556;430;60;490
AT31;40702;Bad Goisern am Hallstättersee;2013;197;55;252;204;36;240
AT31;40703;Bad Ischl;2013;475;123;598;460;97;557
AT31;40704;Ebensee;2013;189;37;226;214;28;242
AT31;40705;Gmunden;2013;704;202;906;770;107;877
AT31;40706;Gosau;2013;60;14;74;57;16;73
AT31;40707;Grünau im Almtal;2013;80;35;115;105;17;122
AT31;40708;Gschwandt;2013;86;12;98;111;10;121
AT31;40709;Hallstatt;2013;39;24;63;54;15;69
AT31;40710;Kirchham;2013;65;9;74;63;7;70
AT31;40711;Laakirchen;2013;408;87;495;414;36;450
AT31;40712;Obertraun;2013;24;18;42;22;9;31
AT31;40713;Ohlsdorf;2013;307;17;324;197;13;210
AT31;40714;Pinsdorf;2013;200;76;276;200;32;232
AT31;40715;Roitham;2013;72;7;79;92;8;100
AT31;40716;St. Konrad;2013;25;2;27;54;0;54
AT31;40717;St. Wolfgang im Salzkammergut;2013;79;28;107;89;22;111
AT31;40718;Traunkirchen;2013;86;21;107;88;17;105
AT31;40719;Scharnstein;2013;185;22;207;174;12;186
AT31;40720;Vorchdorf;2013;212;44;256;236;23;259
AT31;40801;Aistersheim;2013;48;4;52;41;3;44
AT31;40802;Bad Schallerbach;2013;292;77;369;248;17;265
AT31;40803;Bruck-Waasen;2013;77;3;80;82;5;87
AT31;40804;Eschenau im Hausruckkreis;2013;21;4;25;39;3;42
AT31;40805;Gallspach;2013;163;70;233;184;26;210
AT31;40806;Gaspoltshofen;2013;146;19;165;131;10;141
AT31;40807;Geboltskirchen;2013;39;4;43;62;3;65
AT31;40808;Grieskirchen;2013;238;52;290;241;30;271
AT31;40809;Haag am Hausruck;2013;93;38;131;97;19;116
AT31;40810;Heiligenberg;2013;6;5;11;22;1;23
AT31;40811;Hofkirchen an der Trattnach;2013;58;9;67;58;5;63
AT31;40812;Kallham;2013;58;14;72;101;4;105
AT31;40813;Kematen am Innbach;2013;63;13;76;74;5;79
AT31;40814;Meggenhofen;2013;49;10;59;55;5;60
AT31;40815;Michaelnbach;2013;32;0;32;46;0;46
AT31;40816;Natternbach;2013;65;9;74;66;7;73
AT31;40817;Neukirchen am Walde;2013;53;4;57;50;7;57
AT31;40818;Neumarkt im Hausruckkreis;2013;69;8;77;72;16;88
AT31;40819;Peuerbach;2013;131;11;142;105;4;109
AT31;40820;Pötting;2013;6;0;6;16;2;18
AT31;40821;Pollham;2013;31;3;34;46;3;49
AT31;40822;Pram;2013;88;13;101;107;10;117
AT31;40823;Rottenbach;2013;29;11;40;47;5;52
AT31;40824;St. Agatha;2013;40;1;41;49;8;57
AT31;40825;St. Georgen bei Grieskirchen;2013;88;1;89;62;3;65
AT31;40826;St. Thomas;2013;28;5;33;16;1;17
AT31;40827;Schlüßlberg;2013;163;15;178;148;10;158
AT31;40828;Steegen;2013;38;1;39;33;1;34
AT31;40829;Taufkirchen an der Trattnach;2013;63;5;68;84;8;92
AT31;40830;Tollet;2013;14;3;17;32;2;34
AT31;40831;Waizenkirchen;2013;120;27;147;114;15;129
AT31;40832;Wallern an der Trattnach;2013;166;25;191;130;15;145
AT31;40833;Weibern;2013;61;13;74;66;3;69
AT31;40834;Wendling;2013;28;1;29;27;0;27
AT31;40901;Edlbach;2013;26;4;30;23;5;28
AT31;40902;Grünburg;2013;176;21;197;200;17;217
AT31;40903;Hinterstoder;2013;25;14;39;39;15;54
AT31;40904;Inzersdorf im Kremstal;2013;83;8;91;97;4;101
AT31;40905;Kirchdorf an der Krems;2013;256;26;282;256;15;271
AT31;40906;Klaus an der Pyhrnbahn;2013;41;14;55;58;4;62
AT31;40907;Kremsmünster;2013;229;44;273;264;11;275
AT31;40908;Micheldorf in Oberösterreich;2013;243;37;280;273;13;286
AT31;40909;Molln;2013;137;15;152;145;9;154
AT31;40910;Nußbach;2013;95;17;112;100;6;106
AT31;40911;Oberschlierbach;2013;27;3;30;30;7;37
AT31;40912;Pettenbach;2013;213;28;241;182;9;191
AT31;40913;Ried im Traunkreis;2013;102;16;118;126;6;132
AT31;40914;Rosenau am Hengstpaß;2013;14;5;19;25;5;30
AT31;40915;Roßleithen;2013;73;17;90;77;9;86
AT31;40916;St. Pankraz;2013;16;5;21;16;0;16
AT31;40917;Schlierbach;2013;133;31;164;133;15;148
AT31;40918;Spital am Pyhrn;2013;56;15;71;78;4;82
AT31;40919;Steinbach am Ziehberg;2013;18;2;20;25;2;27
AT31;40920;Steinbach an der Steyr;2013;61;8;69;76;4;80
AT31;40921;Vorderstoder;2013;23;15;38;22;4;26
AT31;40922;Wartberg an der Krems;2013;94;22;116;117;3;120
AT31;40923;Windischgarsten;2013;110;32;142;96;10;106
AT31;41001;Allhaming;2013;51;16;67;59;7;66
AT31;41002;Ansfelden;2013;767;262;1029;994;147;1141
AT31;41003;Asten;2013;351;68;419;415;51;466
AT31;41004;Eggendorf im Traunkreis;2013;50;15;65;31;0;31
AT31;41005;Enns;2013;598;255;853;642;124;766
AT31;41006;Hargelsberg;2013;50;7;57;80;8;88
AT31;41007;Hörsching;2013;326;87;413;333;48;381
AT31;41008;Hofkirchen im Traunkreis;2013;113;16;129;91;1;92
AT31;41009;Kematen an der Krems;2013;204;42;246;147;29;176
AT31;41010;Kirchberg-Thening;2013;67;6;73;87;9;96
AT31;41011;Kronstorf;2013;140;36;176;138;28;166
AT31;41012;Leonding;2013;1838;302;2140;1697;179;1876
AT31;41013;St. Florian;2013;251;34;285;249;15;264
AT31;41014;Neuhofen an der Krems;2013;360;58;418;282;31;313
AT31;41015;Niederneukirchen;2013;78;7;85;73;1;74
AT31;41016;Oftering;2013;74;21;95;75;13;88
AT31;41017;Pasching;2013;592;107;699;409;54;463
AT31;41018;Piberbach;2013;94;31;125;85;17;102
AT31;41019;Pucking;2013;197;11;208;201;16;217
AT31;41020;St. Marien;2013;211;34;245;185;10;195
AT31;41021;Traun;2013;1414;436;1850;1369;281;1650
AT31;41022;Wilhering;2013;241;89;330;205;46;251
AT31;41101;Allerheiligen im Mühlkreis;2013;44;3;47;31;4;35
AT31;41102;Arbing;2013;49;9;58;55;7;62
AT31;41103;Baumgartenberg;2013;110;21;131;105;13;118
AT31;41104;Dimbach;2013;23;1;24;24;3;27
AT31;41105;Grein;2013;102;5;107;119;4;123
AT31;41106;Katsdorf;2013;131;5;136;116;6;122
AT31;41107;Klam;2013;39;10;49;40;5;45
AT31;41108;Bad Kreuzen;2013;234;323;557;437;100;537
AT31;41109;Langenstein;2013;125;28;153;151;11;162
AT31;41110;Luftenberg an der Donau;2013;244;17;261;156;4;160
AT31;41111;Mauthausen;2013;280;90;370;252;51;303
AT31;41112;Mitterkirchen im Machland;2013;42;1;43;48;1;49
AT31;41113;Münzbach;2013;52;13;65;86;8;94
AT31;41114;Naarn im Machlande;2013;120;19;139;126;10;136
AT31;41115;Pabneukirchen;2013;35;8;43;32;5;37
AT31;41116;Perg;2013;369;82;451;400;59;459
AT31;41117;Rechberg;2013;26;1;27;33;2;35
AT31;41118;Ried in der Riedmark;2013;158;5;163;156;10;166
AT31;41119;St. Georgen am Walde;2013;37;7;44;47;4;51
AT31;41120;St. Georgen an der Gusen;2013;187;19;206;165;13;178
AT31;41121;St. Nikola an der Donau;2013;78;62;140;77;13;90
AT31;41122;St. Thomas am Blasenstein;2013;20;2;22;28;1;29
AT31;41123;Saxen;2013;67;11;78;65;1;66
AT31;41124;Schwertberg;2013;286;54;340;230;23;253
AT31;41125;Waldhausen im Strudengau;2013;67;15;82;125;10;135
AT31;41126;Windhaag bei Perg;2013;39;12;51;57;9;66
AT31;41201;Andrichsfurt;2013;34;2;36;28;0;28
AT31;41202;Antiesenhofen;2013;40;12;52;69;13;82
AT31;41203;Aurolzmünster;2013;127;23;150;147;7;154
AT31;41204;Eberschwang;2013;98;15;113;129;11;140
AT31;41205;Eitzing;2013;37;1;38;28;4;32
AT31;41206;Geiersberg;2013;10;2;12;18;1;19
AT31;41207;Geinberg;2013;75;32;107;101;27;128
AT31;41208;Gurten;2013;47;3;50;56;6;62
AT31;41209;Hohenzell;2013;105;12;117;76;2;78
AT31;41210;Kirchdorf am Inn;2013;29;2;31;30;6;36
AT31;41211;Kirchheim im Innkreis;2013;36;7;43;32;0;32
AT31;41212;Lambrechten;2013;42;8;50;54;6;60
AT31;41213;Lohnsburg am Kobernaußerwald;2013;66;3;69;62;10;72
AT31;41214;Mehrnbach;2013;94;6;100;89;7;96
AT31;41215;Mettmach;2013;56;8;64;75;7;82
AT31;41216;Mörschwang;2013;6;2;8;11;0;11
AT31;41217;Mühlheim am Inn;2013;28;2;30;34;2;36
AT31;41218;Neuhofen im Innkreis;2013;129;16;145;113;19;132
AT31;41219;Obernberg am Inn;2013;120;42;162;103;23;126
AT31;41220;Ort im Innkreis;2013;48;25;73;55;3;58
AT31;41221;Pattigham;2013;28;1;29;35;0;35
AT31;41222;Peterskirchen;2013;32;1;33;25;5;30
AT31;41223;Pramet;2013;37;7;44;36;8;44
AT31;41224;Reichersberg;2013;84;53;137;116;27;143
AT31;41225;Ried im Innkreis;2013;811;203;1014;749;168;917
AT31;41226;St. Georgen bei Obernberg am Inn;2013;17;6;23;42;2;44
AT31;41227;St. Marienkirchen am Hausruck;2013;23;3;26;21;2;23
AT31;41228;St. Martin im Innkreis;2013;83;36;119;85;15;100
AT31;41229;Schildorn;2013;35;7;42;28;3;31
AT31;41230;Senftenbach;2013;37;6;43;37;6;43
AT31;41231;Taiskirchen im Innkreis;2013;92;4;96;100;9;109
AT31;41232;Tumeltsham;2013;78;9;87;80;10;90
AT31;41233;Utzenaich;2013;71;4;75;71;8;79
AT31;41234;Waldzell;2013;78;12;90;59;10;69
AT31;41235;Weilbach;2013;17;7;24;43;4;47
AT31;41236;Wippenham;2013;33;2;35;22;3;25
AT31;41301;Afiesl;2013;9;3;12;20;3;23
AT31;41302;Ahorn;2013;11;0;11;12;1;13
AT31;41304;Altenfelden;2013;60;8;68;79;5;84
AT31;41305;Arnreit;2013;27;2;29;50;2;52
AT31;41306;Atzesberg;2013;9;0;9;13;1;14
AT31;41307;Auberg;2013;13;0;13;30;1;31
AT31;41309;Haslach an der Mühl;2013;86;4;90;75;6;81
AT31;41310;Helfenberg;2013;25;2;27;38;0;38
AT31;41311;Hörbich;2013;7;0;7;5;0;5
AT31;41312;Hofkirchen im Mühlkreis;2013;36;7;43;49;12;61
AT31;41313;Julbach;2013;39;4;43;48;4;52
AT31;41314;Kirchberg ob der Donau;2013;30;1;31;36;0;36
AT31;41315;Klaffer am Hochficht;2013;35;10;45;62;5;67
AT31;41316;Kleinzell im Mühlkreis;2013;79;5;84;45;4;49
AT31;41317;Kollerschlag;2013;31;3;34;47;3;50
AT31;41318;Lembach im Mühlkreis;2013;70;2;72;36;6;42
AT31;41319;Lichtenau im Mühlkreis;2013;9;4;13;11;0;11
AT31;41320;Nebelberg;2013;11;0;11;24;1;25
AT31;41321;Neufelden;2013;71;26;97;72;16;88
AT31;41322;Niederkappel;2013;23;5;28;26;1;27
AT31;41323;Niederwaldkirchen;2013;62;3;65;56;1;57
AT31;41324;Oberkappel;2013;35;22;57;35;13;48
AT31;41325;Oepping;2013;42;4;46;73;5;78
AT31;41326;Peilstein im Mühlviertel;2013;32;3;35;40;1;41
AT31;41327;Pfarrkirchen im Mühlkreis;2013;29;9;38;43;3;46
AT31;41328;Putzleinsdorf;2013;49;4;53;52;4;56
AT31;41329;Neustift im Mühlkreis;2013;21;5;26;33;10;43
AT31;41331;St. Johann am Wimberg;2013;32;1;33;24;2;26
AT31;41332;St. Martin im Mühlkreis;2013;158;16;174;123;0;123
AT31;41333;St. Oswald bei Haslach;2013;30;0;30;31;0;31
AT31;41334;St. Peter am Wimberg;2013;27;2;29;42;2;44
AT31;41335;St. Stefan am Walde;2013;16;3;19;25;3;28
AT31;41336;St. Ulrich im Mühlkreis;2013;15;1;16;34;1;35
AT31;41337;St. Veit im Mühlkreis;2013;37;4;41;36;2;38
AT31;41338;Sarleinsbach;2013;48;4;52;41;2;43
AT31;41340;Schönegg;2013;24;4;28;24;3;27
AT31;41341;Schwarzenberg am Böhmerwald;2013;16;14;30;17;12;29
AT31;41342;Ulrichsberg;2013;103;25;128;114;7;121
AT31;41343;Aigen-Schlägl;2013;134;13;147;160;7;167
AT31;41344;Rohrbach-Berg;2013;267;36;303;229;17;246
AT31;41401;Altschwendt;2013;12;1;13;19;2;21
AT31;41402;Andorf;2013;210;30;240;177;17;194
AT31;41403;Brunnenthal;2013;88;27;115;100;15;115
AT31;41404;Diersbach;2013;28;7;35;60;6;66
AT31;41405;Dorf an der Pram;2013;40;4;44;46;2;48
AT31;41406;Eggerding;2013;43;3;46;45;0;45
AT31;41407;Engelhartszell;2013;53;33;86;64;10;74
AT31;41408;Enzenkirchen;2013;39;15;54;57;5;62
AT31;41409;Esternberg;2013;95;17;112;78;9;87
AT31;41410;Freinberg;2013;47;55;102;53;54;107
AT31;41411;Kopfing im Innkreis;2013;45;17;62;48;12;60
AT31;41412;Mayrhof;2013;17;0;17;11;0;11
AT31;41413;Münzkirchen;2013;67;6;73;87;5;92
AT31;41414;Raab;2013;76;34;110;93;14;107
AT31;41415;Rainbach im Innkreis;2013;37;9;46;70;4;74
AT31;41416;Riedau;2013;89;6;95;105;6;111
AT31;41417;St. Aegidi;2013;31;3;34;46;2;48
AT31;41418;St. Florian am Inn;2013;132;24;156;161;18;179
AT31;41419;St. Marienkirchen bei Schärding;2013;62;9;71;75;10;85
AT31;41420;St. Roman;2013;29;3;32;38;1;39
AT31;41421;St. Willibald;2013;24;1;25;22;0;22
AT31;41422;Schärding;2013;283;111;394;274;60;334
AT31;41423;Schardenberg;2013;72;43;115;79;24;103
AT31;41424;Sigharting;2013;32;5;37;32;4;36
AT31;41425;Suben;2013;154;29;183;134;104;238
AT31;41426;Taufkirchen an der Pram;2013;76;18;94;103;7;110
AT31;41427;Vichtenstein;2013;34;20;54;38;9;47
AT31;41428;Waldkirchen am Wesen;2013;35;10;45;41;0;41
AT31;41429;Wernstein am Inn;2013;48;7;55;51;23;74
AT31;41430;Zell an der Pram;2013;103;7;110;85;6;91
AT31;41501;Adlwang;2013;76;3;79;58;2;60
AT31;41502;Aschach an der Steyr;2013;68;4;72;59;1;60
AT31;41503;Bad Hall;2013;311;42;353;205;11;216
AT31;41504;Dietach;2013;98;9;107;119;9;128
AT31;41505;Gaflenz;2013;39;9;48;50;9;59
AT31;41506;Garsten;2013;359;48;407;337;41;378
AT31;41507;Großraming;2013;74;4;78;52;4;56
AT31;41508;Laussa;2013;31;1;32;42;0;42
AT31;41509;Losenstein;2013;53;11;64;79;1;80
AT31;41510;Maria Neustift;2013;35;0;35;53;3;56
AT31;41511;Pfarrkirchen bei Bad Hall;2013;106;10;116;113;10;123
AT31;41512;Reichraming;2013;34;8;42;76;2;78
AT31;41513;Rohr im Kremstal;2013;46;1;47;51;0;51
AT31;41514;St. Ulrich bei Steyr;2013;115;14;129;107;3;110
AT31;41515;Schiedlberg;2013;49;2;51;56;1;57
AT31;41516;Sierning;2013;444;82;526;422;52;474
AT31;41517;Ternberg;2013;124;15;139;106;11;117
AT31;41518;Waldneukirchen;2013;74;27;101;79;17;96
AT31;41521;Wolfern;2013;140;13;153;98;9;107
AT31;41522;Weyer;2013;84;15;99;127;11;138
AT31;41601;Alberndorf in der Riedmark;2013;143;11;154;135;1;136
AT31;41602;Altenberg bei Linz;2013;153;18;171;190;15;205
AT31;41603;Bad Leonfelden;2013;159;38;197;136;24;160
AT31;41604;Eidenberg;2013;55;9;64;63;2;65
AT31;41605;Engerwitzdorf;2013;350;26;376;366;17;383
AT31;41606;Feldkirchen an der Donau;2013;222;15;237;176;11;187
AT31;41607;Gallneukirchen;2013;308;41;349;342;21;363
AT31;41608;Goldwörth;2013;49;1;50;51;5;56
AT31;41609;Gramastetten;2013;241;22;263;186;28;214
AT31;41610;Haibach im Mühlkreis;2013;26;1;27;39;3;42
AT31;41611;Hellmonsödt;2013;110;12;122;111;5;116
AT31;41612;Herzogsdorf;2013;67;6;73;81;9;90
AT31;41613;Kirchschlag bei Linz;2013;68;16;84;78;13;91
AT31;41614;Lichtenberg;2013;105;7;112;96;6;102
AT31;41615;Oberneukirchen;2013;87;3;90;101;12;113
AT31;41616;Ottenschlag im Mühlkreis;2013;14;0;14;15;0;15
AT31;41617;Ottensheim;2013;174;47;221;242;19;261
AT31;41618;Puchenau;2013;228;29;257;269;24;293
AT31;41619;Reichenau im Mühlkreis;2013;68;2;70;70;4;74
AT31;41620;Reichenthal;2013;85;14;99;50;7;57
AT31;41621;St. Gotthard im Mühlkreis;2013;64;5;69;65;3;68
AT31;41622;Schenkenfelden;2013;41;6;47;27;2;29
AT31;41623;Sonnberg im Mühlkreis;2013;43;1;44;32;5;37
AT31;41624;Steyregg;2013;262;47;309;242;29;271
AT31;41625;Vorderweißenbach;2013;47;1;48;57;6;63
AT31;41626;Walding;2013;193;23;216;152;22;174
AT31;41627;Zwettl an der Rodl;2013;82;5;87;65;1;66
AT31;41701;Ampflwang im Hausruckwald;2013;128;34;162;173;18;191
AT31;41702;Attersee am Attersee;2013;95;18;113;108;11;119
AT31;41703;Attnang-Puchheim;2013;452;129;581;478;68;546
AT31;41704;Atzbach;2013;36;3;39;45;1;46
AT31;41705;Aurach am Hongar;2013;104;4;108;77;6;83
AT31;41706;Berg im Attergau;2013;35;18;53;46;3;49
AT31;41707;Desselbrunn;2013;117;3;120;79;14;93
AT31;41708;Fornach;2013;38;0;38;44;0;44
AT31;41709;Frankenburg am Hausruck;2013;148;24;172;127;14;141
AT31;41710;Frankenmarkt;2013;209;62;271;157;19;176
AT31;41711;Gampern;2013;107;9;116;91;9;100
AT31;41712;Innerschwand am Mondsee;2013;53;5;58;67;2;69
AT31;41713;Lenzing;2013;269;40;309;309;28;337
AT31;41714;Manning;2013;38;7;45;28;3;31
AT31;41715;Mondsee;2013;264;80;344;245;43;288
AT31;41716;Neukirchen an der Vöckla;2013;103;10;113;91;6;97
AT31;41717;Niederthalheim;2013;24;9;33;35;5;40
AT31;41718;Nußdorf am Attersee;2013;64;10;74;52;8;60
AT31;41719;Oberhofen am Irrsee;2013;63;25;88;69;12;81
AT31;41720;Oberndorf bei Schwanenstadt;2013;49;4;53;63;3;66
AT31;41721;Oberwang;2013;44;10;54;41;3;44
AT31;41722;Ottnang am Hausruck;2013;126;33;159;172;25;197
AT31;41723;Pfaffing;2013;48;6;54;49;1;50
AT31;41724;Pilsbach;2013;14;5;19;20;0;20
AT31;41725;Pitzenberg;2013;17;0;17;12;0;12
AT31;41726;Pöndorf;2013;66;13;79;77;3;80
AT31;41727;Puchkirchen am Trattberg;2013;35;13;48;37;2;39
AT31;41728;Pühret;2013;10;1;11;13;0;13
AT31;41729;Redleiten;2013;23;3;26;25;7;32
AT31;41730;Redlham;2013;79;15;94;52;7;59
AT31;41731;Regau;2013;328;51;379;346;21;367
AT31;41732;Rüstorf;2013;92;14;106;92;2;94
AT31;41733;Rutzenham;2013;17;0;17;11;0;11
AT31;41734;St. Georgen im Attergau;2013;335;1530;1865;1733;59;1792
AT31;41735;St. Lorenz;2013;139;25;164;106;13;119
AT31;41736;Schlatt;2013;52;4;56;69;7;76
AT31;41737;Schörfling am Attersee;2013;187;54;241;204;26;230
AT31;41738;Schwanenstadt;2013;263;81;344;284;65;349
AT31;41739;Seewalchen am Attersee;2013;273;30;303;254;18;272
AT31;41740;Steinbach am Attersee;2013;19;14;33;21;3;24
AT31;41741;Straß im Attergau;2013;48;28;76;101;6;107
AT31;41742;Tiefgraben;2013;167;36;203;162;15;177
AT31;41743;Timelkam;2013;494;141;635;423;129;552
AT31;41744;Ungenach;2013;41;3;44;45;6;51
AT31;41745;Unterach am Attersee;2013;64;26;90;75;17;92
AT31;41746;Vöcklabruck;2013;802;130;932;813;81;894
AT31;41747;Vöcklamarkt;2013;192;20;212;183;29;212
AT31;41748;Weißenkirchen im Attergau;2013;29;8;37;31;1;32
AT31;41749;Weyregg am Attersee;2013;37;10;47;68;5;73
AT31;41750;Wolfsegg am Hausruck;2013;100;19;119;84;13;97
AT31;41751;Zell am Moos;2013;60;30;90;82;5;87
AT31;41752;Zell am Pettenfirst;2013;31;6;37;51;3;54
AT31;41801;Aichkirchen;2013;28;3;31;20;0;20
AT31;41802;Bachmanning;2013;19;2;21;35;3;38
AT31;41803;Bad Wimsbach-Neydharting;2013;91;8;99;78;4;82
AT31;41804;Buchkirchen;2013;207;98;305;182;92;274
AT31;41805;Eberstalzell;2013;111;7;118;78;4;82
AT31;41806;Edt bei Lambach;2013;91;15;106;79;11;90
AT31;41807;Fischlham;2013;35;1;36;43;1;44
AT31;41808;Gunskirchen;2013;249;24;273;234;34;268
AT31;41809;Holzhausen;2013;35;17;52;39;5;44
AT31;41810;Krenglbach;2013;95;8;103;105;6;111
AT31;41811;Lambach;2013;229;89;318;239;52;291
AT31;41812;Marchtrenk;2013;549;199;748;549;92;641
AT31;41813;Neukirchen bei Lambach;2013;46;9;55;49;7;56
AT31;41814;Offenhausen;2013;75;7;82;95;3;98
AT31;41815;Pennewang;2013;36;2;38;30;1;31
AT31;41816;Pichl bei Wels;2013;93;19;112;146;13;159
AT31;41817;Sattledt;2013;103;17;120;122;15;137
AT31;41818;Schleißheim;2013;62;11;73;47;3;50
AT31;41819;Sipbachzell;2013;82;10;92;85;1;86
AT31;41820;Stadl-Paura;2013;236;96;332;228;60;288
AT31;41821;Steinerkirchen an der Traun;2013;87;15;102;96;12;108
AT31;41822;Steinhaus;2013;93;18;111;88;5;93
AT31;41823;Thalheim bei Wels;2013;355;49;404;346;29;375
AT31;41824;Weißkirchen an der Traun;2013;147;43;190;146;28;174
AT31;40101;Linz;2012;8153;3754;11907;8022;2326;10348
AT31;40201;Steyr;2012;1511;572;2083;1650;440;2090
AT31;40301;Wels;2012;2560;1010;3570;2646;695;3341
AT31;40401;Altheim;2012;182;46;228;228;32;260
AT31;40402;Aspach;2012;96;19;115;74;8;82
AT31;40403;Auerbach;2012;26;16;42;35;10;45
AT31;40404;Braunau am Inn;2012;648;242;890;548;176;724
AT31;40405;Burgkirchen;2012;140;22;162;162;11;173
AT31;40406;Eggelsberg;2012;107;35;142;104;20;124
AT31;40407;Feldkirchen bei Mattighofen;2012;40;10;50;58;6;64
AT31;40408;Franking;2012;46;11;57;41;8;49
AT31;40409;Geretsberg;2012;72;35;107;63;16;79
AT31;40410;Gilgenberg am Weilhart;2012;49;5;54;59;12;71
AT31;40411;Haigermoos;2012;20;1;21;36;3;39
AT31;40412;Handenberg;2012;35;10;45;41;10;51
AT31;40413;Helpfau-Uttendorf;2012;185;30;215;233;32;265
AT31;40414;Hochburg-Ach;2012;57;73;130;72;64;136
AT31;40415;Höhnhart;2012;41;3;44;37;3;40
AT31;40416;Jeging;2012;29;2;31;26;0;26
AT31;40417;Kirchberg bei Mattighofen;2012;43;1;44;23;9;32
AT31;40418;Lengau;2012;162;49;211;184;44;228
AT31;40419;Lochen am See;2012;114;17;131;94;1;95
AT31;40420;Maria Schmolln;2012;69;40;109;60;35;95
AT31;40421;Mattighofen;2012;400;129;529;351;106;457
AT31;40422;Mauerkirchen;2012;122;110;232;194;22;216
AT31;40423;Mining;2012;47;4;51;40;1;41
AT31;40424;Moosbach;2012;39;7;46;50;5;55
AT31;40425;Moosdorf;2012;86;10;96;74;2;76
AT31;40426;Munderfing;2012;128;28;156;102;14;116
AT31;40427;Neukirchen an der Enknach;2012;87;10;97;79;15;94
AT31;40428;Ostermiething;2012;144;17;161;112;17;129
AT31;40429;Palting;2012;33;9;42;34;4;38
AT31;40430;Perwang am Grabensee;2012;47;1;48;29;5;34
AT31;40431;Pfaffstätt;2012;56;14;70;52;22;74
AT31;40432;Pischelsdorf am Engelbach;2012;50;38;88;66;12;78
AT31;40433;Polling im Innkreis;2012;59;6;65;35;6;41
AT31;40434;Roßbach;2012;33;7;40;35;5;40
AT31;40435;St. Georgen am Fillmannsbach;2012;6;2;8;17;1;18
AT31;40436;St. Johann am Walde;2012;38;21;59;51;16;67
AT31;40437;St. Pantaleon;2012;129;28;157;163;27;190
AT31;40438;St. Peter am Hart;2012;87;78;165;103;54;157
AT31;40439;St. Radegund;2012;22;3;25;10;2;12
AT31;40440;St. Veit im Innkreis;2012;20;2;22;19;1;20
AT31;40441;Schalchen;2012;178;43;221;194;16;210
AT31;40442;Schwand im Innkreis;2012;16;4;20;20;0;20
AT31;40443;Tarsdorf;2012;52;24;76;59;7;66
AT31;40444;Treubach;2012;21;14;35;27;8;35
AT31;40445;Überackern;2012;19;18;37;10;13;23
AT31;40446;Weng im Innkreis;2012;56;19;75;60;2;62
AT31;40501;Alkoven;2012;215;41;256;220;16;236
AT31;40502;Aschach an der Donau;2012;83;19;102;104;12;116
AT31;40503;Eferding;2012;233;30;263;250;19;269
AT31;40504;Fraham;2012;104;10;114;93;2;95
AT31;40505;Haibach ob der Donau;2012;19;4;23;24;4;28
AT31;40506;Hartkirchen;2012;115;9;124;130;9;139
AT31;40507;Hinzenbach;2012;90;1;91;95;7;102
AT31;40508;Prambachkirchen;2012;99;9;108;111;4;115
AT31;40509;Pupping;2012;96;10;106;68;3;71
AT31;40510;St. Marienkirchen an der Polsenz;2012;77;8;85;81;4;85
AT31;40511;Scharten;2012;115;31;146;136;19;155
AT31;40512;Stroheim;2012;48;4;52;45;0;45
AT31;40601;Freistadt;2012;319;51;370;363;33;396
AT31;40602;Grünbach;2012;51;3;54;55;4;59
AT31;40603;Gutau;2012;99;14;113;76;3;79
AT31;40604;Hagenberg im Mühlkreis;2012;125;15;140;136;3;139
AT31;40605;Hirschbach im Mühlkreis;2012;41;3;44;39;1;40
AT31;40606;Kaltenberg;2012;6;2;8;13;0;13
AT31;40607;Kefermarkt;2012;52;15;67;85;11;96
AT31;40608;Königswiesen;2012;53;3;56;81;2;83
AT31;40609;Lasberg;2012;88;15;103;109;11;120
AT31;40610;Leopoldschlag;2012;28;4;32;24;3;27
AT31;40611;Liebenau;2012;24;0;24;58;1;59
AT31;40612;Neumarkt im Mühlkreis;2012;124;4;128;98;6;104
AT31;40613;Pierbach;2012;22;2;24;22;1;23
AT31;40614;Pregarten;2012;195;10;205;194;7;201
AT31;40615;Rainbach im Mühlkreis;2012;83;6;89;86;8;94
AT31;40616;Sandl;2012;62;0;62;53;3;56
AT31;40617;St. Leonhard bei Freistadt;2012;22;3;25;32;0;32
AT31;40618;St. Oswald bei Freistadt;2012;83;5;88;76;14;90
AT31;40619;Schönau im Mühlkreis;2012;61;4;65;55;2;57
AT31;40620;Tragwein;2012;87;12;99;88;5;93
AT31;40621;Unterweißenbach;2012;47;0;47;42;1;43
AT31;40622;Unterweitersdorf;2012;75;3;78;78;3;81
AT31;40623;Waldburg;2012;41;3;44;53;8;61
AT31;40624;Wartberg ob der Aist;2012;193;6;199;151;5;156
AT31;40625;Weitersfelden;2012;28;4;32;47;0;47
AT31;40626;Windhaag bei Freistadt;2012;39;17;56;66;11;77
AT31;40627;Bad Zell;2012;112;33;145;117;18;135
AT31;40701;Altmünster;2012;456;107;563;428;63;491
AT31;40702;Bad Goisern am Hallstättersee;2012;230;25;255;210;28;238
AT31;40703;Bad Ischl;2012;472;110;582;570;99;669
AT31;40704;Ebensee;2012;217;46;263;264;34;298
AT31;40705;Gmunden;2012;759;201;960;784;134;918
AT31;40706;Gosau;2012;31;22;53;42;30;72
AT31;40707;Grünau im Almtal;2012;80;17;97;121;17;138
AT31;40708;Gschwandt;2012;118;23;141;106;3;109
AT31;40709;Hallstatt;2012;44;9;53;39;7;46
AT31;40710;Kirchham;2012;95;8;103;70;6;76
AT31;40711;Laakirchen;2012;385;62;447;397;49;446
AT31;40712;Obertraun;2012;22;12;34;10;6;16
AT31;40713;Ohlsdorf;2012;196;15;211;194;8;202
AT31;40714;Pinsdorf;2012;233;46;279;229;31;260
AT31;40715;Roitham;2012;99;2;101;105;12;117
AT31;40716;St. Konrad;2012;26;3;29;29;1;30
AT31;40717;St. Wolfgang im Salzkammergut;2012;94;28;122;133;20;153
AT31;40718;Traunkirchen;2012;89;12;101;102;5;107
AT31;40719;Scharnstein;2012;181;31;212;194;32;226
AT31;40720;Vorchdorf;2012;227;38;265;265;31;296
AT31;40801;Aistersheim;2012;31;18;49;41;1;42
AT31;40802;Bad Schallerbach;2012;282;23;305;234;24;258
AT31;40803;Bruck-Waasen;2012;54;6;60;87;5;92
AT31;40804;Eschenau im Hausruckkreis;2012;12;2;14;29;0;29
AT31;40805;Gallspach;2012;195;47;242;151;37;188
AT31;40806;Gaspoltshofen;2012;129;24;153;102;7;109
AT31;40807;Geboltskirchen;2012;40;12;52;64;7;71
AT31;40808;Grieskirchen;2012;282;69;351;288;26;314
AT31;40809;Haag am Hausruck;2012;71;33;104;94;17;111
AT31;40810;Heiligenberg;2012;18;1;19;26;0;26
AT31;40811;Hofkirchen an der Trattnach;2012;71;6;77;79;6;85
AT31;40812;Kallham;2012;82;12;94;121;7;128
AT31;40813;Kematen am Innbach;2012;43;2;45;54;7;61
AT31;40814;Meggenhofen;2012;44;2;46;41;5;46
AT31;40815;Michaelnbach;2012;27;0;27;39;0;39
AT31;40816;Natternbach;2012;83;9;92;65;4;69
AT31;40817;Neukirchen am Walde;2012;57;5;62;55;1;56
AT31;40818;Neumarkt im Hausruckkreis;2012;68;17;85;95;15;110
AT31;40819;Peuerbach;2012;160;16;176;115;8;123
AT31;40820;Pötting;2012;7;2;9;9;0;9
AT31;40821;Pollham;2012;32;3;35;39;6;45
AT31;40822;Pram;2012;90;16;106;66;7;73
AT31;40823;Rottenbach;2012;16;14;30;31;7;38
AT31;40824;St. Agatha;2012;33;6;39;56;1;57
AT31;40825;St. Georgen bei Grieskirchen;2012;100;2;102;46;2;48
AT31;40826;St. Thomas;2012;25;2;27;13;0;13
AT31;40827;Schlüßlberg;2012;115;13;128;118;11;129
AT31;40828;Steegen;2012;39;1;40;54;1;55
AT31;40829;Taufkirchen an der Trattnach;2012;61;8;69;83;3;86
AT31;40830;Tollet;2012;38;3;41;53;1;54
AT31;40831;Waizenkirchen;2012;120;28;148;115;14;129
AT31;40832;Wallern an der Trattnach;2012;126;27;153;128;10;138
AT31;40833;Weibern;2012;61;10;71;43;6;49
AT31;40834;Wendling;2012;29;2;31;30;5;35
AT31;40901;Edlbach;2012;25;9;34;22;9;31
AT31;40902;Grünburg;2012;163;29;192;203;31;234
AT31;40903;Hinterstoder;2012;38;18;56;31;5;36
AT31;40904;Inzersdorf im Kremstal;2012;93;10;103;86;5;91
AT31;40905;Kirchdorf an der Krems;2012;296;28;324;240;19;259
AT31;40906;Klaus an der Pyhrnbahn;2012;56;9;65;73;9;82
AT31;40907;Kremsmünster;2012;245;38;283;264;31;295
AT31;40908;Micheldorf in Oberösterreich;2012;297;27;324;288;26;314
AT31;40909;Molln;2012;112;21;133;150;8;158
AT31;40910;Nußbach;2012;71;11;82;124;13;137
AT31;40911;Oberschlierbach;2012;34;4;38;36;3;39
AT31;40912;Pettenbach;2012;183;18;201;192;19;211
AT31;40913;Ried im Traunkreis;2012;121;19;140;89;5;94
AT31;40914;Rosenau am Hengstpaß;2012;34;5;39;35;5;40
AT31;40915;Roßleithen;2012;94;11;105;81;5;86
AT31;40916;St. Pankraz;2012;15;1;16;23;2;25
AT31;40917;Schlierbach;2012;131;22;153;155;13;168
AT31;40918;Spital am Pyhrn;2012;74;17;91;111;6;117
AT31;40919;Steinbach am Ziehberg;2012;32;4;36;27;2;29
AT31;40920;Steinbach an der Steyr;2012;84;8;92;72;1;73
AT31;40921;Vorderstoder;2012;33;6;39;35;1;36
AT31;40922;Wartberg an der Krems;2012;101;14;115;127;8;135
AT31;40923;Windischgarsten;2012;116;23;139;114;26;140
AT31;41001;Allhaming;2012;70;6;76;56;7;63
AT31;41002;Ansfelden;2012;922;282;1204;999;192;1191
AT31;41003;Asten;2012;353;86;439;393;46;439
AT31;41004;Eggendorf im Traunkreis;2012;56;4;60;30;7;37
AT31;41005;Enns;2012;613;154;767;600;88;688
AT31;41006;Hargelsberg;2012;111;9;120;45;8;53
AT31;41007;Hörsching;2012;284;83;367;260;45;305
AT31;41008;Hofkirchen im Traunkreis;2012;76;8;84;87;3;90
AT31;41009;Kematen an der Krems;2012;101;43;144;140;29;169
AT31;41010;Kirchberg-Thening;2012;88;6;94;102;7;109
AT31;41011;Kronstorf;2012;179;42;221;159;23;182
AT31;41012;Leonding;2012;1777;284;2061;1546;187;1733
AT31;41013;St. Florian;2012;272;21;293;229;23;252
AT31;41014;Neuhofen an der Krems;2012;328;38;366;262;30;292
AT31;41015;Niederneukirchen;2012;64;4;68;54;3;57
AT31;41016;Oftering;2012;101;22;123;81;27;108
AT31;41017;Pasching;2012;449;82;531;394;70;464
AT31;41018;Piberbach;2012;81;15;96;96;10;106
AT31;41019;Pucking;2012;196;14;210;146;11;157
AT31;41020;St. Marien;2012;165;20;185;190;20;210
AT31;41021;Traun;2012;1260;397;1657;1360;284;1644
AT31;41022;Wilhering;2012;186;69;255;209;70;279
AT31;41101;Allerheiligen im Mühlkreis;2012;32;3;35;38;1;39
AT31;41102;Arbing;2012;67;11;78;59;6;65
AT31;41103;Baumgartenberg;2012;97;25;122;86;4;90
AT31;41104;Dimbach;2012;11;0;11;33;0;33
AT31;41105;Grein;2012;113;27;140;146;7;153
AT31;41106;Katsdorf;2012;110;12;122;102;2;104
AT31;41107;Klam;2012;23;2;25;40;0;40
AT31;41108;Bad Kreuzen;2012;303;391;694;639;88;727
AT31;41109;Langenstein;2012;130;24;154;148;20;168
AT31;41110;Luftenberg an der Donau;2012;186;9;195;220;9;229
AT31;41111;Mauthausen;2012;229;101;330;296;83;379
AT31;41112;Mitterkirchen im Machland;2012;30;8;38;56;1;57
AT31;41113;Münzbach;2012;48;25;73;89;7;96
AT31;41114;Naarn im Machlande;2012;135;31;166;123;11;134
AT31;41115;Pabneukirchen;2012;30;2;32;51;2;53
AT31;41116;Perg;2012;436;83;519;332;48;380
AT31;41117;Rechberg;2012;19;4;23;25;1;26
AT31;41118;Ried in der Riedmark;2012;134;11;145;119;7;126
AT31;41119;St. Georgen am Walde;2012;45;15;60;64;4;68
AT31;41120;St. Georgen an der Gusen;2012;237;9;246;141;9;150
AT31;41121;St. Nikola an der Donau;2012;98;55;153;107;7;114
AT31;41122;St. Thomas am Blasenstein;2012;15;1;16;20;1;21
AT31;41123;Saxen;2012;63;5;68;75;3;78
AT31;41124;Schwertberg;2012;192;33;225;208;31;239
AT31;41125;Waldhausen im Strudengau;2012;102;33;135;146;8;154
AT31;41126;Windhaag bei Perg;2012;43;10;53;55;6;61
AT31;41201;Andrichsfurt;2012;26;1;27;22;4;26
AT31;41202;Antiesenhofen;2012;36;11;47;44;5;49
AT31;41203;Aurolzmünster;2012;128;7;135;155;7;162
AT31;41204;Eberschwang;2012;120;18;138;115;13;128
AT31;41205;Eitzing;2012;37;5;42;32;6;38
AT31;41206;Geiersberg;2012;7;1;8;17;1;18
AT31;41207;Geinberg;2012;76;28;104;69;24;93
AT31;41208;Gurten;2012;31;2;33;33;2;35
AT31;41209;Hohenzell;2012;54;7;61;63;2;65
AT31;41210;Kirchdorf am Inn;2012;13;10;23;11;3;14
AT31;41211;Kirchheim im Innkreis;2012;24;4;28;29;7;36
AT31;41212;Lambrechten;2012;32;15;47;52;9;61
AT31;41213;Lohnsburg am Kobernaußerwald;2012;62;9;71;90;6;96
AT31;41214;Mehrnbach;2012;101;6;107;112;7;119
AT31;41215;Mettmach;2012;64;9;73;78;6;84
AT31;41216;Mörschwang;2012;15;10;25;14;2;16
AT31;41217;Mühlheim am Inn;2012;32;7;39;22;3;25
AT31;41218;Neuhofen im Innkreis;2012;119;17;136;137;7;144
AT31;41219;Obernberg am Inn;2012;95;33;128;77;24;101
AT31;41220;Ort im Innkreis;2012;49;15;64;67;9;76
AT31;41221;Pattigham;2012;32;1;33;33;1;34
AT31;41222;Peterskirchen;2012;10;0;10;32;2;34
AT31;41223;Pramet;2012;25;1;26;43;6;49
AT31;41224;Reichersberg;2012;72;40;112;60;17;77
AT31;41225;Ried im Innkreis;2012;753;180;933;757;165;922
AT31;41226;St. Georgen bei Obernberg am Inn;2012;20;4;24;16;5;21
AT31;41227;St. Marienkirchen am Hausruck;2012;27;2;29;32;1;33
AT31;41228;St. Martin im Innkreis;2012;93;23;116;103;18;121
AT31;41229;Schildorn;2012;70;2;72;37;7;44
AT31;41230;Senftenbach;2012;41;10;51;32;1;33
AT31;41231;Taiskirchen im Innkreis;2012;87;23;110;83;22;105
AT31;41232;Tumeltsham;2012;68;8;76;55;4;59
AT31;41233;Utzenaich;2012;57;15;72;75;5;80
AT31;41234;Waldzell;2012;55;11;66;62;8;70
AT31;41235;Weilbach;2012;23;12;35;17;10;27
AT31;41236;Wippenham;2012;14;1;15;16;0;16
AT31;41301;Afiesl;2012;9;5;14;14;2;16
AT31;41302;Ahorn;2012;12;3;15;14;4;18
AT31;41304;Altenfelden;2012;55;4;59;80;2;82
AT31;41305;Arnreit;2012;30;2;32;17;1;18
AT31;41306;Atzesberg;2012;15;2;17;17;0;17
AT31;41307;Auberg;2012;13;0;13;30;0;30
AT31;41309;Haslach an der Mühl;2012;128;9;137;92;9;101
AT31;41310;Helfenberg;2012;23;8;31;36;0;36
AT31;41311;Hörbich;2012;8;0;8;10;1;11
AT31;41312;Hofkirchen im Mühlkreis;2012;50;11;61;21;2;23
AT31;41313;Julbach;2012;28;1;29;41;3;44
AT31;41314;Kirchberg ob der Donau;2012;29;5;34;34;0;34
AT31;41315;Klaffer am Hochficht;2012;43;14;57;42;5;47
AT31;41316;Kleinzell im Mühlkreis;2012;51;2;53;38;3;41
AT31;41317;Kollerschlag;2012;14;3;17;35;1;36
AT31;41318;Lembach im Mühlkreis;2012;70;6;76;66;4;70
AT31;41319;Lichtenau im Mühlkreis;2012;16;1;17;20;2;22
AT31;41320;Nebelberg;2012;23;1;24;21;0;21
AT31;41321;Neufelden;2012;73;11;84;71;8;79
AT31;41322;Niederkappel;2012;18;1;19;27;0;27
AT31;41323;Niederwaldkirchen;2012;29;3;32;55;1;56
AT31;41324;Oberkappel;2012;22;38;60;45;13;58
AT31;41325;Oepping;2012;49;0;49;49;3;52
AT31;41326;Peilstein im Mühlviertel;2012;32;1;33;61;2;63
AT31;41327;Pfarrkirchen im Mühlkreis;2012;34;4;38;64;7;71
AT31;41328;Putzleinsdorf;2012;34;8;42;48;3;51
AT31;41329;Neustift im Mühlkreis;2012;23;4;27;38;3;41
AT31;41331;St. Johann am Wimberg;2012;33;1;34;26;1;27
AT31;41332;St. Martin im Mühlkreis;2012;85;6;91;140;10;150
AT31;41333;St. Oswald bei Haslach;2012;14;1;15;18;0;18
AT31;41334;St. Peter am Wimberg;2012;40;2;42;46;1;47
AT31;41335;St. Stefan am Walde;2012;16;1;17;29;0;29
AT31;41336;St. Ulrich im Mühlkreis;2012;35;5;40;32;7;39
AT31;41337;St. Veit im Mühlkreis;2012;42;3;45;31;6;37
AT31;41338;Sarleinsbach;2012;52;1;53;54;1;55
AT31;41340;Schönegg;2012;30;0;30;15;3;18
AT31;41341;Schwarzenberg am Böhmerwald;2012;18;11;29;23;12;35
AT31;41342;Ulrichsberg;2012;69;19;88;109;16;125
AT31;41343;Aigen-Schlägl;2012;83;12;95;115;6;121
AT31;41344;Rohrbach-Berg;2012;234;9;243;248;12;260
AT31;41401;Altschwendt;2012;20;5;25;18;2;20
AT31;41402;Andorf;2012;206;25;231;174;15;189
AT31;41403;Brunnenthal;2012;83;13;96;95;8;103
AT31;41404;Diersbach;2012;59;3;62;72;7;79
AT31;41405;Dorf an der Pram;2012;36;6;42;25;5;30
AT31;41406;Eggerding;2012;47;1;48;30;8;38
AT31;41407;Engelhartszell;2012;43;6;49;36;7;43
AT31;41408;Enzenkirchen;2012;39;5;44;65;7;72
AT31;41409;Esternberg;2012;94;26;120;89;14;103
AT31;41410;Freinberg;2012;23;60;83;31;46;77
AT31;41411;Kopfing im Innkreis;2012;42;14;56;50;13;63
AT31;41412;Mayrhof;2012;4;2;6;19;0;19
AT31;41413;Münzkirchen;2012;69;11;80;76;7;83
AT31;41414;Raab;2012;75;17;92;100;11;111
AT31;41415;Rainbach im Innkreis;2012;33;4;37;55;5;60
AT31;41416;Riedau;2012;77;20;97;66;10;76
AT31;41417;St. Aegidi;2012;37;8;45;39;8;47
AT31;41418;St. Florian am Inn;2012;143;42;185;157;26;183
AT31;41419;St. Marienkirchen bei Schärding;2012;78;12;90;76;15;91
AT31;41420;St. Roman;2012;30;4;34;53;2;55
AT31;41421;St. Willibald;2012;38;4;42;40;3;43
AT31;41422;Schärding;2012;268;84;352;268;78;346
AT31;41423;Schardenberg;2012;68;43;111;71;38;109
AT31;41424;Sigharting;2012;21;4;25;29;1;30
AT31;41425;Suben;2012;185;35;220;114;87;201
AT31;41426;Taufkirchen an der Pram;2012;71;15;86;93;9;102
AT31;41427;Vichtenstein;2012;26;25;51;53;12;65
AT31;41428;Waldkirchen am Wesen;2012;20;7;27;31;2;33
AT31;41429;Wernstein am Inn;2012;33;20;53;51;15;66
AT31;41430;Zell an der Pram;2012;68;7;75;55;5;60
AT31;41501;Adlwang;2012;74;5;79;75;5;80
AT31;41502;Aschach an der Steyr;2012;52;1;53;108;2;110
AT31;41503;Bad Hall;2012;305;32;337;253;14;267
AT31;41504;Dietach;2012;135;11;146;111;11;122
AT31;41505;Gaflenz;2012;56;24;80;49;8;57
AT31;41506;Garsten;2012;342;39;381;366;54;420
AT31;41507;Großraming;2012;68;4;72;55;0;55
AT31;41508;Laussa;2012;27;0;27;35;0;35
AT31;41509;Losenstein;2012;69;3;72;77;2;79
AT31;41510;Maria Neustift;2012;27;0;27;53;0;53
AT31;41511;Pfarrkirchen bei Bad Hall;2012;127;7;134;116;6;122
AT31;41512;Reichraming;2012;65;8;73;98;4;102
AT31;41513;Rohr im Kremstal;2012;54;5;59;63;1;64
AT31;41514;St. Ulrich bei Steyr;2012;127;13;140;130;13;143
AT31;41515;Schiedlberg;2012;37;6;43;45;1;46
AT31;41516;Sierning;2012;414;80;494;404;53;457
AT31;41517;Ternberg;2012;97;13;110;102;5;107
AT31;41518;Waldneukirchen;2012;77;31;108;91;19;110
AT31;41521;Wolfern;2012;111;10;121;135;12;147
AT31;41522;Weyer;2012;117;27;144;113;9;122
AT31;41601;Alberndorf in der Riedmark;2012;120;7;127;120;3;123
AT31;41602;Altenberg bei Linz;2012;141;10;151;166;10;176
AT31;41603;Bad Leonfelden;2012;125;24;149;143;13;156
AT31;41604;Eidenberg;2012;101;4;105;81;9;90
AT31;41605;Engerwitzdorf;2012;387;38;425;379;16;395
AT31;41606;Feldkirchen an der Donau;2012;197;10;207;145;19;164
AT31;41607;Gallneukirchen;2012;356;32;388;347;25;372
AT31;41608;Goldwörth;2012;36;3;39;53;0;53
AT31;41609;Gramastetten;2012;263;9;272;145;11;156
AT31;41610;Haibach im Mühlkreis;2012;32;1;33;28;2;30
AT31;41611;Hellmonsödt;2012;92;15;107;94;9;103
AT31;41612;Herzogsdorf;2012;75;1;76;69;3;72
AT31;41613;Kirchschlag bei Linz;2012;91;9;100;92;9;101
AT31;41614;Lichtenberg;2012;109;10;119;96;17;113
AT31;41615;Oberneukirchen;2012;99;14;113;116;15;131
AT31;41616;Ottenschlag im Mühlkreis;2012;17;0;17;21;0;21
AT31;41617;Ottensheim;2012;167;22;189;224;13;237
AT31;41618;Puchenau;2012;225;26;251;234;20;254
AT31;41619;Reichenau im Mühlkreis;2012;63;4;67;56;2;58
AT31;41620;Reichenthal;2012;52;3;55;64;4;68
AT31;41621;St. Gotthard im Mühlkreis;2012;45;9;54;46;2;48
AT31;41622;Schenkenfelden;2012;48;0;48;40;6;46
AT31;41623;Sonnberg im Mühlkreis;2012;45;1;46;26;1;27
AT31;41624;Steyregg;2012;238;44;282;250;32;282
AT31;41625;Vorderweißenbach;2012;57;3;60;58;3;61
AT31;41626;Walding;2012;213;31;244;175;4;179
AT31;41627;Zwettl an der Rodl;2012;51;6;57;72;2;74
AT31;41701;Ampflwang im Hausruckwald;2012;153;41;194;185;25;210
AT31;41702;Attersee am Attersee;2012;77;4;81;71;6;77
AT31;41703;Attnang-Puchheim;2012;510;96;606;577;65;642
AT31;41704;Atzbach;2012;37;5;42;53;4;57
AT31;41705;Aurach am Hongar;2012;74;1;75;77;3;80
AT31;41706;Berg im Attergau;2012;33;5;38;54;1;55
AT31;41707;Desselbrunn;2012;80;8;88;69;5;74
AT31;41708;Fornach;2012;41;3;44;30;2;32
AT31;41709;Frankenburg am Hausruck;2012;129;23;152;133;19;152
AT31;41710;Frankenmarkt;2012;175;38;213;187;26;213
AT31;41711;Gampern;2012;96;11;107;96;6;102
AT31;41712;Innerschwand am Mondsee;2012;37;13;50;38;11;49
AT31;41713;Lenzing;2012;289;72;361;277;34;311
AT31;41714;Manning;2012;34;2;36;37;2;39
AT31;41715;Mondsee;2012;251;83;334;214;36;250
AT31;41716;Neukirchen an der Vöckla;2012;106;6;112;102;2;104
AT31;41717;Niederthalheim;2012;20;8;28;25;4;29
AT31;41718;Nußdorf am Attersee;2012;55;18;73;59;15;74
AT31;41719;Oberhofen am Irrsee;2012;57;14;71;49;7;56
AT31;41720;Oberndorf bei Schwanenstadt;2012;61;2;63;61;2;63
AT31;41721;Oberwang;2012;32;13;45;39;5;44
AT31;41722;Ottnang am Hausruck;2012;150;40;190;154;7;161
AT31;41723;Pfaffing;2012;79;0;79;36;1;37
AT31;41724;Pilsbach;2012;19;0;19;19;1;20
AT31;41725;Pitzenberg;2012;12;0;12;15;0;15
AT31;41726;Pöndorf;2012;80;19;99;97;11;108
AT31;41727;Puchkirchen am Trattberg;2012;42;1;43;38;1;39
AT31;41728;Pühret;2012;13;0;13;18;1;19
AT31;41729;Redleiten;2012;13;1;14;9;2;11
AT31;41730;Redlham;2012;58;13;71;77;3;80
AT31;41731;Regau;2012;420;33;453;335;33;368
AT31;41732;Rüstorf;2012;105;3;108;91;6;97
AT31;41733;Rutzenham;2012;11;0;11;13;0;13
AT31;41734;St. Georgen im Attergau;2012;287;1478;1765;1641;62;1703
AT31;41735;St. Lorenz;2012;121;36;157;132;9;141
AT31;41736;Schlatt;2012;57;12;69;68;5;73
AT31;41737;Schörfling am Attersee;2012;204;26;230;197;15;212
AT31;41738;Schwanenstadt;2012;251;90;341;323;57;380
AT31;41739;Seewalchen am Attersee;2012;243;38;281;257;18;275
AT31;41740;Steinbach am Attersee;2012;28;9;37;39;3;42
AT31;41741;Straß im Attergau;2012;69;16;85;61;19;80
AT31;41742;Tiefgraben;2012;153;28;181;179;29;208
AT31;41743;Timelkam;2012;408;117;525;482;106;588
AT31;41744;Ungenach;2012;45;4;49;52;5;57
AT31;41745;Unterach am Attersee;2012;46;30;76;48;7;55
AT31;41746;Vöcklabruck;2012;800;153;953;767;94;861
AT31;41747;Vöcklamarkt;2012;170;30;200;175;24;199
AT31;41748;Weißenkirchen im Attergau;2012;25;0;25;30;0;30
AT31;41749;Weyregg am Attersee;2012;70;11;81;40;5;45
AT31;41750;Wolfsegg am Hausruck;2012;88;37;125;115;14;129
AT31;41751;Zell am Moos;2012;70;31;101;93;14;107
AT31;41752;Zell am Pettenfirst;2012;58;12;70;54;3;57
AT31;41801;Aichkirchen;2012;24;1;25;24;2;26
AT31;41802;Bachmanning;2012;67;6;73;35;6;41
AT31;41803;Bad Wimsbach-Neydharting;2012;78;4;82;122;5;127
AT31;41804;Buchkirchen;2012;158;94;252;193;85;278
AT31;41805;Eberstalzell;2012;95;8;103;75;7;82
AT31;41806;Edt bei Lambach;2012;87;13;100;98;5;103
AT31;41807;Fischlham;2012;46;5;51;47;7;54
AT31;41808;Gunskirchen;2012;239;35;274;224;35;259
AT31;41809;Holzhausen;2012;41;4;45;39;4;43
AT31;41810;Krenglbach;2012;119;7;126;126;7;133
AT31;41811;Lambach;2012;259;79;338;284;55;339
AT31;41812;Marchtrenk;2012;654;147;801;559;96;655
AT31;41813;Neukirchen bei Lambach;2012;31;11;42;32;8;40
AT31;41814;Offenhausen;2012;68;5;73;95;3;98
AT31;41815;Pennewang;2012;43;2;45;41;1;42
AT31;41816;Pichl bei Wels;2012;133;36;169;146;16;162
AT31;41817;Sattledt;2012;122;28;150;121;9;130
AT31;41818;Schleißheim;2012;71;6;77;72;7;79
AT31;41819;Sipbachzell;2012;119;15;134;72;9;81
AT31;41820;Stadl-Paura;2012;259;77;336;304;58;362
AT31;41821;Steinerkirchen an der Traun;2012;77;18;95;92;12;104
AT31;41822;Steinhaus;2012;93;19;112;80;13;93
AT31;41823;Thalheim bei Wels;2012;307;38;345;316;43;359
AT31;41824;Weißkirchen an der Traun;2012;176;54;230;170;20;190
AT31;40101;Linz;2011;8308;3351;11659;7868;2144;10012
AT31;40201;Steyr;2011;1443;609;2052;1590;490;2080
AT31;40301;Wels;2011;2410;847;3257;2747;621;3368
AT31;40401;Altheim;2011;193;39;232;197;19;216
AT31;40402;Aspach;2011;96;18;114;87;13;100
AT31;40403;Auerbach;2011;19;21;40;40;5;45
AT31;40404;Braunau am Inn;2011;613;240;853;645;150;795
AT31;40405;Burgkirchen;2011;129;18;147;159;17;176
AT31;40406;Eggelsberg;2011;101;29;130;107;19;126
AT31;40407;Feldkirchen bei Mattighofen;2011;55;7;62;47;6;53
AT31;40408;Franking;2011;33;18;51;37;12;49
AT31;40409;Geretsberg;2011;53;22;75;68;21;89
AT31;40410;Gilgenberg am Weilhart;2011;55;16;71;45;7;52
AT31;40411;Haigermoos;2011;20;2;22;17;4;21
AT31;40412;Handenberg;2011;32;8;40;45;9;54
AT31;40413;Helpfau-Uttendorf;2011;230;51;281;244;42;286
AT31;40414;Hochburg-Ach;2011;61;78;139;75;31;106
AT31;40415;Höhnhart;2011;52;6;58;57;4;61
AT31;40416;Jeging;2011;21;4;25;33;5;38
AT31;40417;Kirchberg bei Mattighofen;2011;53;15;68;41;12;53
AT31;40418;Lengau;2011;214;37;251;210;39;249
AT31;40419;Lochen am See;2011;69;17;86;83;3;86
AT31;40420;Maria Schmolln;2011;53;5;58;31;7;38
AT31;40421;Mattighofen;2011;357;172;529;315;79;394
AT31;40422;Mauerkirchen;2011;197;23;220;152;18;170
AT31;40423;Mining;2011;34;12;46;30;8;38
AT31;40424;Moosbach;2011;60;7;67;59;4;63
AT31;40425;Moosdorf;2011;64;18;82;78;17;95
AT31;40426;Munderfing;2011;150;30;180;119;7;126
AT31;40427;Neukirchen an der Enknach;2011;87;9;96;86;14;100
AT31;40428;Ostermiething;2011;118;42;160;120;26;146
AT31;40429;Palting;2011;25;4;29;43;3;46
AT31;40430;Perwang am Grabensee;2011;67;1;68;33;7;40
AT31;40431;Pfaffstätt;2011;43;19;62;58;22;80
AT31;40432;Pischelsdorf am Engelbach;2011;54;10;64;69;6;75
AT31;40433;Polling im Innkreis;2011;47;5;52;32;7;39
AT31;40434;Roßbach;2011;25;5;30;33;3;36
AT31;40435;St. Georgen am Fillmannsbach;2011;13;0;13;21;2;23
AT31;40436;St. Johann am Walde;2011;47;22;69;77;16;93
AT31;40437;St. Pantaleon;2011;136;26;162;135;25;160
AT31;40438;St. Peter am Hart;2011;97;46;143;127;39;166
AT31;40439;St. Radegund;2011;8;2;10;7;1;8
AT31;40440;St. Veit im Innkreis;2011;14;0;14;11;1;12
AT31;40441;Schalchen;2011;169;33;202;178;20;198
AT31;40442;Schwand im Innkreis;2011;29;0;29;17;0;17
AT31;40443;Tarsdorf;2011;47;17;64;59;8;67
AT31;40444;Treubach;2011;17;18;35;32;7;39
AT31;40445;Überackern;2011;26;24;50;22;27;49
AT31;40446;Weng im Innkreis;2011;46;6;52;52;5;57
AT31;40501;Alkoven;2011;181;14;195;224;23;247
AT31;40502;Aschach an der Donau;2011;79;24;103;105;16;121
AT31;40503;Eferding;2011;309;27;336;213;10;223
AT31;40504;Fraham;2011;141;6;147;119;16;135
AT31;40505;Haibach ob der Donau;2011;27;5;32;39;3;42
AT31;40506;Hartkirchen;2011;101;12;113;143;9;152
AT31;40507;Hinzenbach;2011;114;6;120;93;7;100
AT31;40508;Prambachkirchen;2011;75;11;86;103;7;110
AT31;40509;Pupping;2011;76;4;80;77;1;78
AT31;40510;St. Marienkirchen an der Polsenz;2011;67;4;71;83;5;88
AT31;40511;Scharten;2011;116;29;145;138;10;148
AT31;40512;Stroheim;2011;59;2;61;61;3;64
AT31;40601;Freistadt;2011;333;43;376;392;29;421
AT31;40602;Grünbach;2011;77;3;80;60;3;63
AT31;40603;Gutau;2011;70;4;74;85;5;90
AT31;40604;Hagenberg im Mühlkreis;2011;124;12;136;138;1;139
AT31;40605;Hirschbach im Mühlkreis;2011;32;0;32;31;2;33
AT31;40606;Kaltenberg;2011;13;0;13;21;1;22
AT31;40607;Kefermarkt;2011;65;11;76;97;9;106
AT31;40608;Königswiesen;2011;47;1;48;57;1;58
AT31;40609;Lasberg;2011;101;9;110;78;6;84
AT31;40610;Leopoldschlag;2011;19;2;21;31;1;32
AT31;40611;Liebenau;2011;29;7;36;49;2;51
AT31;40612;Neumarkt im Mühlkreis;2011;120;9;129;105;4;109
AT31;40613;Pierbach;2011;23;2;25;24;0;24
AT31;40614;Pregarten;2011;248;9;257;163;5;168
AT31;40615;Rainbach im Mühlkreis;2011;101;11;112;94;12;106
AT31;40616;Sandl;2011;39;9;48;47;10;57
AT31;40617;St. Leonhard bei Freistadt;2011;43;2;45;54;1;55
AT31;40618;St. Oswald bei Freistadt;2011;84;2;86;87;5;92
AT31;40619;Schönau im Mühlkreis;2011;46;8;54;65;2;67
AT31;40620;Tragwein;2011;73;8;81;99;3;102
AT31;40621;Unterweißenbach;2011;42;1;43;57;3;60
AT31;40622;Unterweitersdorf;2011;49;6;55;58;5;63
AT31;40623;Waldburg;2011;57;2;59;34;2;36
AT31;40624;Wartberg ob der Aist;2011;172;6;178;131;8;139
AT31;40625;Weitersfelden;2011;24;3;27;33;1;34
AT31;40626;Windhaag bei Freistadt;2011;43;15;58;61;15;76
AT31;40627;Bad Zell;2011;107;17;124;116;15;131
AT31;40701;Altmünster;2011;392;96;488;447;65;512
AT31;40702;Bad Goisern am Hallstättersee;2011;173;40;213;191;16;207
AT31;40703;Bad Ischl;2011;479;138;617;515;86;601
AT31;40704;Ebensee;2011;184;48;232;190;47;237
AT31;40705;Gmunden;2011;762;160;922;794;120;914
AT31;40706;Gosau;2011;45;26;71;57;29;86
AT31;40707;Grünau im Almtal;2011;89;19;108;87;22;109
AT31;40708;Gschwandt;2011;104;4;108;128;6;134
AT31;40709;Hallstatt;2011;29;7;36;50;2;52
AT31;40710;Kirchham;2011;77;20;97;80;3;83
AT31;40711;Laakirchen;2011;419;56;475;367;48;415
AT31;40712;Obertraun;2011;13;13;26;32;12;44
AT31;40713;Ohlsdorf;2011;249;23;272;201;12;213
AT31;40714;Pinsdorf;2011;261;50;311;211;36;247
AT31;40715;Roitham;2011;54;15;69;66;11;77
AT31;40716;St. Konrad;2011;35;5;40;45;0;45
AT31;40717;St. Wolfgang im Salzkammergut;2011;98;50;148;126;18;144
AT31;40718;Traunkirchen;2011;72;15;87;80;5;85
AT31;40719;Scharnstein;2011;176;25;201;169;17;186
AT31;40720;Vorchdorf;2011;237;53;290;283;30;313
AT31;40801;Aistersheim;2011;60;5;65;39;4;43
AT31;40802;Bad Schallerbach;2011;317;40;357;208;34;242
AT31;40803;Bruck-Waasen;2011;64;4;68;79;8;87
AT31;40804;Eschenau im Hausruckkreis;2011;19;2;21;31;2;33
AT31;40805;Gallspach;2011;188;38;226;163;36;199
AT31;40806;Gaspoltshofen;2011;129;17;146;142;11;153
AT31;40807;Geboltskirchen;2011;47;6;53;51;2;53
AT31;40808;Grieskirchen;2011;255;24;279;298;28;326
AT31;40809;Haag am Hausruck;2011;81;27;108;91;13;104
AT31;40810;Heiligenberg;2011;7;0;7;21;0;21
AT31;40811;Hofkirchen an der Trattnach;2011;60;7;67;48;10;58
AT31;40812;Kallham;2011;93;9;102;83;3;86
AT31;40813;Kematen am Innbach;2011;49;7;56;47;2;49
AT31;40814;Meggenhofen;2011;50;9;59;79;3;82
AT31;40815;Michaelnbach;2011;37;2;39;34;2;36
AT31;40816;Natternbach;2011;36;10;46;55;5;60
AT31;40817;Neukirchen am Walde;2011;41;8;49;56;4;60
AT31;40818;Neumarkt im Hausruckkreis;2011;53;20;73;65;11;76
AT31;40819;Peuerbach;2011;126;5;131;91;15;106
AT31;40820;Pötting;2011;14;0;14;15;0;15
AT31;40821;Pollham;2011;39;3;42;28;0;28
AT31;40822;Pram;2011;97;8;105;75;3;78
AT31;40823;Rottenbach;2011;47;7;54;38;1;39
AT31;40824;St. Agatha;2011;37;2;39;61;2;63
AT31;40825;St. Georgen bei Grieskirchen;2011;42;5;47;55;2;57
AT31;40826;St. Thomas;2011;25;0;25;7;0;7
AT31;40827;Schlüßlberg;2011;151;17;168;215;7;222
AT31;40828;Steegen;2011;21;0;21;39;1;40
AT31;40829;Taufkirchen an der Trattnach;2011;69;9;78;101;1;102
AT31;40830;Tollet;2011;32;4;36;27;2;29
AT31;40831;Waizenkirchen;2011;150;17;167;98;19;117
AT31;40832;Wallern an der Trattnach;2011;147;15;162;130;2;132
AT31;40833;Weibern;2011;37;1;38;51;3;54
AT31;40834;Wendling;2011;19;7;26;27;5;32
AT31;40901;Edlbach;2011;37;6;43;31;3;34
AT31;40902;Grünburg;2011;205;25;230;167;20;187
AT31;40903;Hinterstoder;2011;33;9;42;36;18;54
AT31;40904;Inzersdorf im Kremstal;2011;96;7;103;77;6;83
AT31;40905;Kirchdorf an der Krems;2011;307;50;357;269;19;288
AT31;40906;Klaus an der Pyhrnbahn;2011;45;3;48;60;23;83
AT31;40907;Kremsmünster;2011;287;31;318;271;27;298
AT31;40908;Micheldorf in Oberösterreich;2011;252;32;284;321;40;361
AT31;40909;Molln;2011;107;7;114;117;6;123
AT31;40910;Nußbach;2011;84;11;95;90;9;99
AT31;40911;Oberschlierbach;2011;30;0;30;23;12;35
AT31;40912;Pettenbach;2011;191;17;208;215;12;227
AT31;40913;Ried im Traunkreis;2011;166;11;177;154;9;163
AT31;40914;Rosenau am Hengstpaß;2011;17;2;19;36;4;40
AT31;40915;Roßleithen;2011;89;15;104;98;14;112
AT31;40916;St. Pankraz;2011;8;2;10;15;6;21
AT31;40917;Schlierbach;2011;128;17;145;143;15;158
AT31;40918;Spital am Pyhrn;2011;101;13;114;98;8;106
AT31;40919;Steinbach am Ziehberg;2011;20;0;20;27;0;27
AT31;40920;Steinbach an der Steyr;2011;69;3;72;76;2;78
AT31;40921;Vorderstoder;2011;25;8;33;30;3;33
AT31;40922;Wartberg an der Krems;2011;91;10;101;148;5;153
AT31;40923;Windischgarsten;2011;139;42;181;149;24;173
AT31;41001;Allhaming;2011;68;23;91;60;15;75
AT31;41002;Ansfelden;2011;876;247;1123;1014;160;1174
AT31;41003;Asten;2011;319;68;387;388;45;433
AT31;41004;Eggendorf im Traunkreis;2011;40;5;45;23;0;23
AT31;41005;Enns;2011;625;132;757;571;72;643
AT31;41006;Hargelsberg;2011;45;19;64;52;11;63
AT31;41007;Hörsching;2011;329;58;387;347;49;396
AT31;41008;Hofkirchen im Traunkreis;2011;116;5;121;99;1;100
AT31;41009;Kematen an der Krems;2011;150;21;171;130;20;150
AT31;41010;Kirchberg-Thening;2011;86;4;90;89;5;94
AT31;41011;Kronstorf;2011;180;17;197;155;14;169
AT31;41012;Leonding;2011;1870;272;2142;1633;195;1828
AT31;41013;St. Florian;2011;295;28;323;223;34;257
AT31;41014;Neuhofen an der Krems;2011;251;26;277;266;20;286
AT31;41015;Niederneukirchen;2011;53;3;56;63;0;63
AT31;41016;Oftering;2011;86;29;115;98;34;132
AT31;41017;Pasching;2011;451;71;522;441;72;513
AT31;41018;Piberbach;2011;81;19;100;105;12;117
AT31;41019;Pucking;2011;200;12;212;194;12;206
AT31;41020;St. Marien;2011;205;15;220;245;6;251
AT31;41021;Traun;2011;1239;395;1634;1526;321;1847
AT31;41022;Wilhering;2011;200;65;265;217;57;274
AT31;41101;Allerheiligen im Mühlkreis;2011;43;1;44;40;0;40
AT31;41102;Arbing;2011;51;6;57;46;5;51
AT31;41103;Baumgartenberg;2011;84;5;89;79;12;91
AT31;41104;Dimbach;2011;24;3;27;30;0;30
AT31;41105;Grein;2011;105;36;141;96;17;113
AT31;41106;Katsdorf;2011;101;7;108;131;11;142
AT31;41107;Klam;2011;18;6;24;41;0;41
AT31;41108;Bad Kreuzen;2011;374;322;696;562;109;671
AT31;41109;Langenstein;2011;87;25;112;114;11;125
AT31;41110;Luftenberg an der Donau;2011;195;10;205;196;16;212
AT31;41111;Mauthausen;2011;268;89;357;267;62;329
AT31;41112;Mitterkirchen im Machland;2011;37;3;40;41;3;44
AT31;41113;Münzbach;2011;63;25;88;79;9;88
AT31;41114;Naarn im Machlande;2011;109;15;124;132;10;142
AT31;41115;Pabneukirchen;2011;32;5;37;39;4;43
AT31;41116;Perg;2011;420;55;475;310;53;363
AT31;41117;Rechberg;2011;19;4;23;23;5;28
AT31;41118;Ried in der Riedmark;2011;158;3;161;165;10;175
AT31;41119;St. Georgen am Walde;2011;30;9;39;56;4;60
AT31;41120;St. Georgen an der Gusen;2011;152;12;164;148;4;152
AT31;41121;St. Nikola an der Donau;2011;64;7;71;73;3;76
AT31;41122;St. Thomas am Blasenstein;2011;15;5;20;18;2;20
AT31;41123;Saxen;2011;65;8;73;72;11;83
AT31;41124;Schwertberg;2011;200;42;242;224;20;244
AT31;41125;Waldhausen im Strudengau;2011;104;20;124;113;15;128
AT31;41126;Windhaag bei Perg;2011;68;7;75;52;10;62
AT31;41201;Andrichsfurt;2011;44;2;46;29;2;31
AT31;41202;Antiesenhofen;2011;41;7;48;53;8;61
AT31;41203;Aurolzmünster;2011;143;8;151;146;15;161
AT31;41204;Eberschwang;2011;71;14;85;109;17;126
AT31;41205;Eitzing;2011;46;4;50;32;12;44
AT31;41206;Geiersberg;2011;19;3;22;32;1;33
AT31;41207;Geinberg;2011;83;23;106;64;16;80
AT31;41208;Gurten;2011;64;5;69;70;0;70
AT31;41209;Hohenzell;2011;59;5;64;64;7;71
AT31;41210;Kirchdorf am Inn;2011;23;7;30;17;0;17
AT31;41211;Kirchheim im Innkreis;2011;20;4;24;29;3;32
AT31;41212;Lambrechten;2011;25;9;34;43;17;60
AT31;41213;Lohnsburg am Kobernaußerwald;2011;48;11;59;97;1;98
AT31;41214;Mehrnbach;2011;95;14;109;117;5;122
AT31;41215;Mettmach;2011;55;5;60;79;6;85
AT31;41216;Mörschwang;2011;9;1;10;8;1;9
AT31;41217;Mühlheim am Inn;2011;34;8;42;22;1;23
AT31;41218;Neuhofen im Innkreis;2011;115;15;130;120;7;127
AT31;41219;Obernberg am Inn;2011;94;29;123;106;23;129
AT31;41220;Ort im Innkreis;2011;54;5;59;59;5;64
AT31;41221;Pattigham;2011;39;1;40;33;4;37
AT31;41222;Peterskirchen;2011;24;0;24;24;1;25
AT31;41223;Pramet;2011;26;2;28;34;6;40
AT31;41224;Reichersberg;2011;89;23;112;52;11;63
AT31;41225;Ried im Innkreis;2011;766;140;906;739;168;907
AT31;41226;St. Georgen bei Obernberg am Inn;2011;17;3;20;26;4;30
AT31;41227;St. Marienkirchen am Hausruck;2011;22;2;24;25;2;27
AT31;41228;St. Martin im Innkreis;2011;83;11;94;109;9;118
AT31;41229;Schildorn;2011;24;5;29;40;3;43
AT31;41230;Senftenbach;2011;33;14;47;40;2;42
AT31;41231;Taiskirchen im Innkreis;2011;86;18;104;89;22;111
AT31;41232;Tumeltsham;2011;91;6;97;93;7;100
AT31;41233;Utzenaich;2011;85;13;98;94;12;106
AT31;41234;Waldzell;2011;53;9;62;61;5;66
AT31;41235;Weilbach;2011;11;16;27;20;11;31
AT31;41236;Wippenham;2011;28;2;30;19;2;21
AT31;41301;Afiesl;2011;6;3;9;12;0;12
AT31;41302;Ahorn;2011;20;2;22;22;1;23
AT31;41304;Altenfelden;2011;44;4;48;88;3;91
AT31;41305;Arnreit;2011;13;0;13;20;0;20
AT31;41306;Atzesberg;2011;13;4;17;17;0;17
AT31;41307;Auberg;2011;22;2;24;26;0;26
AT31;41309;Haslach an der Mühl;2011;87;4;91;84;10;94
AT31;41310;Helfenberg;2011;29;2;31;38;2;40
AT31;41311;Hörbich;2011;13;0;13;17;0;17
AT31;41312;Hofkirchen im Mühlkreis;2011;41;3;44;31;3;34
AT31;41313;Julbach;2011;35;11;46;54;2;56
AT31;41314;Kirchberg ob der Donau;2011;13;2;15;32;6;38
AT31;41315;Klaffer am Hochficht;2011;38;7;45;49;0;49
AT31;41316;Kleinzell im Mühlkreis;2011;77;4;81;48;3;51
AT31;41317;Kollerschlag;2011;27;3;30;37;4;41
AT31;41318;Lembach im Mühlkreis;2011;80;6;86;60;2;62
AT31;41319;Lichtenau im Mühlkreis;2011;7;7;14;10;2;12
AT31;41320;Nebelberg;2011;13;0;13;14;2;16
AT31;41321;Neufelden;2011;52;12;64;89;4;93
AT31;41322;Niederkappel;2011;35;5;40;40;0;40
AT31;41323;Niederwaldkirchen;2011;39;1;40;48;0;48
AT31;41324;Oberkappel;2011;15;13;28;40;6;46
AT31;41325;Oepping;2011;57;2;59;63;0;63
AT31;41326;Peilstein im Mühlviertel;2011;26;4;30;40;2;42
AT31;41327;Pfarrkirchen im Mühlkreis;2011;18;14;32;53;3;56
AT31;41328;Putzleinsdorf;2011;53;4;57;44;4;48
AT31;41329;Neustift im Mühlkreis;2011;12;6;18;30;4;34
AT31;41331;St. Johann am Wimberg;2011;14;2;16;21;2;23
AT31;41332;St. Martin im Mühlkreis;2011;128;8;136;139;3;142
AT31;41333;St. Oswald bei Haslach;2011;14;0;14;21;0;21
AT31;41334;St. Peter am Wimberg;2011;39;0;39;48;0;48
AT31;41335;St. Stefan am Walde;2011;11;1;12;18;2;20
AT31;41336;St. Ulrich im Mühlkreis;2011;16;1;17;24;1;25
AT31;41337;St. Veit im Mühlkreis;2011;48;4;52;36;2;38
AT31;41338;Sarleinsbach;2011;35;5;40;56;2;58
AT31;41340;Schönegg;2011;15;1;16;31;6;37
AT31;41341;Schwarzenberg am Böhmerwald;2011;11;7;18;14;4;18
AT31;41342;Ulrichsberg;2011;99;17;116;87;8;95
AT31;41343;Aigen-Schlägl;2011;108;13;121;135;12;147
AT31;41344;Rohrbach-Berg;2011;157;20;177;224;12;236
AT31;41401;Altschwendt;2011;17;2;19;18;0;18
AT31;41402;Andorf;2011;179;19;198;175;26;201
AT31;41403;Brunnenthal;2011;89;21;110;89;21;110
AT31;41404;Diersbach;2011;52;13;65;55;1;56
AT31;41405;Dorf an der Pram;2011;42;3;45;28;7;35
AT31;41406;Eggerding;2011;35;4;39;37;4;41
AT31;41407;Engelhartszell;2011;54;17;71;47;13;60
AT31;41408;Enzenkirchen;2011;47;7;54;56;1;57
AT31;41409;Esternberg;2011;90;8;98;46;11;57
AT31;41410;Freinberg;2011;32;44;76;54;43;97
AT31;41411;Kopfing im Innkreis;2011;35;5;40;50;6;56
AT31;41412;Mayrhof;2011;17;2;19;7;0;7
AT31;41413;Münzkirchen;2011;75;9;84;77;2;79
AT31;41414;Raab;2011;78;19;97;88;10;98
AT31;41415;Rainbach im Innkreis;2011;52;10;62;59;5;64
AT31;41416;Riedau;2011;89;17;106;89;8;97
AT31;41417;St. Aegidi;2011;34;8;42;53;1;54
AT31;41418;St. Florian am Inn;2011;141;28;169;141;27;168
AT31;41419;St. Marienkirchen bei Schärding;2011;65;12;77;69;8;77
AT31;41420;St. Roman;2011;23;3;26;44;4;48
AT31;41421;St. Willibald;2011;9;3;12;35;0;35
AT31;41422;Schärding;2011;273;68;341;300;72;372
AT31;41423;Schardenberg;2011;66;41;107;46;41;87
AT31;41424;Sigharting;2011;32;1;33;24;6;30
AT31;41425;Suben;2011;240;43;283;118;56;174
AT31;41426;Taufkirchen an der Pram;2011;81;9;90;93;10;103
AT31;41427;Vichtenstein;2011;33;22;55;43;7;50
AT31;41428;Waldkirchen am Wesen;2011;27;4;31;42;3;45
AT31;41429;Wernstein am Inn;2011;60;31;91;53;7;60
AT31;41430;Zell an der Pram;2011;83;11;94;100;2;102
AT31;41501;Adlwang;2011;61;10;71;73;9;82
AT31;41502;Aschach an der Steyr;2011;81;4;85;81;4;85
AT31;41503;Bad Hall;2011;267;22;289;244;13;257
AT31;41504;Dietach;2011;157;25;182;122;8;130
AT31;41505;Gaflenz;2011;45;13;58;47;11;58
AT31;41506;Garsten;2011;352;55;407;358;41;399
AT31;41507;Großraming;2011;68;2;70;82;3;85
AT31;41508;Laussa;2011;19;2;21;41;0;41
AT31;41509;Losenstein;2011;49;6;55;65;3;68
AT31;41510;Maria Neustift;2011;29;3;32;38;1;39
AT31;41511;Pfarrkirchen bei Bad Hall;2011;113;6;119;102;5;107
AT31;41512;Reichraming;2011;57;5;62;67;2;69
AT31;41513;Rohr im Kremstal;2011;49;1;50;83;1;84
AT31;41514;St. Ulrich bei Steyr;2011;84;5;89;124;2;126
AT31;41515;Schiedlberg;2011;46;29;75;60;27;87
AT31;41516;Sierning;2011;387;79;466;425;69;494
AT31;41517;Ternberg;2011;96;9;105;151;2;153
AT31;41518;Waldneukirchen;2011;100;24;124;99;13;112
AT31;41521;Wolfern;2011;139;12;151;104;11;115
AT31;41522;Weyer;2011;107;22;129;141;19;160
AT31;41601;Alberndorf in der Riedmark;2011;126;5;131;108;2;110
AT31;41602;Altenberg bei Linz;2011;191;21;212;162;12;174
AT31;41603;Bad Leonfelden;2011;137;20;157;135;8;143
AT31;41604;Eidenberg;2011;66;4;70;83;0;83
AT31;41605;Engerwitzdorf;2011;428;36;464;313;19;332
AT31;41606;Feldkirchen an der Donau;2011;211;18;229;177;8;185
AT31;41607;Gallneukirchen;2011;241;24;265;319;16;335
AT31;41608;Goldwörth;2011;37;4;41;45;13;58
AT31;41609;Gramastetten;2011;265;16;281;174;24;198
AT31;41610;Haibach im Mühlkreis;2011;31;2;33;20;0;20
AT31;41611;Hellmonsödt;2011;109;7;116;108;9;117
AT31;41612;Herzogsdorf;2011;84;1;85;90;2;92
AT31;41613;Kirchschlag bei Linz;2011;111;15;126;106;10;116
AT31;41614;Lichtenberg;2011;94;19;113;130;9;139
AT31;41615;Oberneukirchen;2011;112;6;118;104;7;111
AT31;41616;Ottenschlag im Mühlkreis;2011;19;0;19;14;0;14
AT31;41617;Ottensheim;2011;232;35;267;222;24;246
AT31;41618;Puchenau;2011;251;35;286;235;13;248
AT31;41619;Reichenau im Mühlkreis;2011;44;5;49;43;5;48
AT31;41620;Reichenthal;2011;51;5;56;54;11;65
AT31;41621;St. Gotthard im Mühlkreis;2011;47;3;50;75;4;79
AT31;41622;Schenkenfelden;2011;33;1;34;58;1;59
AT31;41623;Sonnberg im Mühlkreis;2011;52;2;54;38;0;38
AT31;41624;Steyregg;2011;224;49;273;230;36;266
AT31;41625;Vorderweißenbach;2011;51;6;57;49;1;50
AT31;41626;Walding;2011;231;19;250;204;13;217
AT31;41627;Zwettl an der Rodl;2011;71;2;73;97;3;100
AT31;41701;Ampflwang im Hausruckwald;2011;202;56;258;195;20;215
AT31;41702;Attersee am Attersee;2011;77;19;96;69;4;73
AT31;41703;Attnang-Puchheim;2011;486;79;565;533;48;581
AT31;41704;Atzbach;2011;43;3;46;28;2;30
AT31;41705;Aurach am Hongar;2011;74;6;80;72;4;76
AT31;41706;Berg im Attergau;2011;49;9;58;45;6;51
AT31;41707;Desselbrunn;2011;103;2;105;53;1;54
AT31;41708;Fornach;2011;50;2;52;34;2;36
AT31;41709;Frankenburg am Hausruck;2011;119;17;136;143;8;151
AT31;41710;Frankenmarkt;2011;147;37;184;171;15;186
AT31;41711;Gampern;2011;115;5;120;77;5;82
AT31;41712;Innerschwand am Mondsee;2011;52;4;56;47;5;52
AT31;41713;Lenzing;2011;343;52;395;261;35;296
AT31;41714;Manning;2011;29;2;31;32;2;34
AT31;41715;Mondsee;2011;269;49;318;227;24;251
AT31;41716;Neukirchen an der Vöckla;2011;85;2;87;91;3;94
AT31;41717;Niederthalheim;2011;29;4;33;30;1;31
AT31;41718;Nußdorf am Attersee;2011;43;10;53;49;4;53
AT31;41719;Oberhofen am Irrsee;2011;56;9;65;78;11;89
AT31;41720;Oberndorf bei Schwanenstadt;2011;77;4;81;69;7;76
AT31;41721;Oberwang;2011;32;4;36;52;3;55
AT31;41722;Ottnang am Hausruck;2011;170;18;188;181;9;190
AT31;41723;Pfaffing;2011;56;3;59;57;4;61
AT31;41724;Pilsbach;2011;15;0;15;32;0;32
AT31;41725;Pitzenberg;2011;25;0;25;21;0;21
AT31;41726;Pöndorf;2011;73;8;81;94;4;98
AT31;41727;Puchkirchen am Trattberg;2011;25;2;27;40;3;43
AT31;41728;Pühret;2011;16;1;17;15;1;16
AT31;41729;Redleiten;2011;7;0;7;16;0;16
AT31;41730;Redlham;2011;63;2;65;64;6;70
AT31;41731;Regau;2011;355;28;383;335;31;366
AT31;41732;Rüstorf;2011;71;8;79;102;1;103
AT31;41733;Rutzenham;2011;10;0;10;9;0;9
AT31;41734;St. Georgen im Attergau;2011;264;1285;1549;1494;81;1575
AT31;41735;St. Lorenz;2011;137;18;155;113;11;124
AT31;41736;Schlatt;2011;61;5;66;65;2;67
AT31;41737;Schörfling am Attersee;2011;166;12;178;204;10;214
AT31;41738;Schwanenstadt;2011;280;80;360;317;66;383
AT31;41739;Seewalchen am Attersee;2011;230;31;261;256;25;281
AT31;41740;Steinbach am Attersee;2011;52;8;60;44;6;50
AT31;41741;Straß im Attergau;2011;66;26;92;80;7;87
AT31;41742;Tiefgraben;2011;168;26;194;166;17;183
AT31;41743;Timelkam;2011;476;102;578;403;130;533
AT31;41744;Ungenach;2011;36;4;40;35;3;38
AT31;41745;Unterach am Attersee;2011;66;19;85;66;7;73
AT31;41746;Vöcklabruck;2011;814;90;904;739;123;862
AT31;41747;Vöcklamarkt;2011;152;20;172;189;14;203
AT31;41748;Weißenkirchen im Attergau;2011;28;6;34;24;2;26
AT31;41749;Weyregg am Attersee;2011;44;7;51;58;6;64
AT31;41750;Wolfsegg am Hausruck;2011;90;27;117;113;7;120
AT31;41751;Zell am Moos;2011;89;10;99;81;7;88
AT31;41752;Zell am Pettenfirst;2011;60;3;63;89;9;98
AT31;41801;Aichkirchen;2011;23;1;24;16;1;17
AT31;41802;Bachmanning;2011;29;6;35;51;1;52
AT31;41803;Bad Wimsbach-Neydharting;2011;110;14;124;99;15;114
AT31;41804;Buchkirchen;2011;228;119;347;139;123;262
AT31;41805;Eberstalzell;2011;85;5;90;96;1;97
AT31;41806;Edt bei Lambach;2011;84;12;96;114;11;125
AT31;41807;Fischlham;2011;72;3;75;58;5;63
AT31;41808;Gunskirchen;2011;253;33;286;164;25;189
AT31;41809;Holzhausen;2011;64;2;66;54;2;56
AT31;41810;Krenglbach;2011;136;9;145;129;29;158
AT31;41811;Lambach;2011;220;65;285;248;58;306
AT31;41812;Marchtrenk;2011;617;127;744;526;140;666
AT31;41813;Neukirchen bei Lambach;2011;27;6;33;32;5;37
AT31;41814;Offenhausen;2011;56;3;59;83;3;86
AT31;41815;Pennewang;2011;33;2;35;36;0;36
AT31;41816;Pichl bei Wels;2011;118;14;132;117;30;147
AT31;41817;Sattledt;2011;189;22;211;116;17;133
AT31;41818;Schleißheim;2011;69;15;84;92;8;100
AT31;41819;Sipbachzell;2011;97;8;105;85;8;93
AT31;41820;Stadl-Paura;2011;272;69;341;309;56;365
AT31;41821;Steinerkirchen an der Traun;2011;99;12;111;78;13;91
AT31;41822;Steinhaus;2011;95;9;104;51;13;64
AT31;41823;Thalheim bei Wels;2011;335;39;374;341;52;393
AT31;41824;Weißkirchen an der Traun;2011;157;38;195;173;13;186
AT31;40101;Linz;2010;7428;2529;9957;7481;2503;9984
AT31;40201;Steyr;2010;1439;523;1962;1548;484;2032
AT31;40301;Wels;2010;2347;729;3076;2477;664;3141
AT31;40401;Altheim;2010;173;26;199;165;37;202
AT31;40402;Aspach;2010;65;20;85;81;11;92
AT31;40403;Auerbach;2010;28;0;28;28;0;28
AT31;40404;Braunau am Inn;2010;493;188;681;573;132;705
AT31;40405;Burgkirchen;2010;117;26;143;120;28;148
AT31;40406;Eggelsberg;2010;103;30;133;108;19;127
AT31;40407;Feldkirchen bei Mattighofen;2010;57;2;59;51;4;55
AT31;40408;Franking;2010;38;6;44;60;11;71
AT31;40409;Geretsberg;2010;68;13;81;55;13;68
AT31;40410;Gilgenberg am Weilhart;2010;42;8;50;42;1;43
AT31;40411;Haigermoos;2010;15;9;24;29;6;35
AT31;40412;Handenberg;2010;45;4;49;43;2;45
AT31;40413;Helpfau-Uttendorf;2010;213;57;270;205;22;227
AT31;40414;Hochburg-Ach;2010;41;56;97;89;29;118
AT31;40415;Höhnhart;2010;53;8;61;44;5;49
AT31;40416;Jeging;2010;34;5;39;29;1;30
AT31;40417;Kirchberg bei Mattighofen;2010;39;5;44;38;4;42
AT31;40418;Lengau;2010;153;23;176;155;19;174
AT31;40419;Lochen am See;2010;78;13;91;90;5;95
AT31;40420;Maria Schmolln;2010;47;7;54;29;6;35
AT31;40421;Mattighofen;2010;316;87;403;312;62;374
AT31;40422;Mauerkirchen;2010;222;32;254;164;15;179
AT31;40423;Mining;2010;16;5;21;42;4;46
AT31;40424;Moosbach;2010;36;8;44;44;6;50
AT31;40425;Moosdorf;2010;58;8;66;59;5;64
AT31;40426;Munderfing;2010;114;6;120;122;20;142
AT31;40427;Neukirchen an der Enknach;2010;76;11;87;59;7;66
AT31;40428;Ostermiething;2010;166;38;204;116;21;137
AT31;40429;Palting;2010;37;11;48;33;7;40
AT31;40430;Perwang am Grabensee;2010;57;4;61;26;5;31
AT31;40431;Pfaffstätt;2010;38;40;78;43;4;47
AT31;40432;Pischelsdorf am Engelbach;2010;49;2;51;47;8;55
AT31;40433;Polling im Innkreis;2010;28;6;34;23;3;26
AT31;40434;Roßbach;2010;29;5;34;40;0;40
AT31;40435;St. Georgen am Fillmannsbach;2010;21;0;21;12;4;16
AT31;40436;St. Johann am Walde;2010;56;15;71;54;8;62
AT31;40437;St. Pantaleon;2010;160;22;182;152;12;164
AT31;40438;St. Peter am Hart;2010;105;47;152;81;49;130
AT31;40439;St. Radegund;2010;10;1;11;15;4;19
AT31;40440;St. Veit im Innkreis;2010;10;4;14;13;0;13
AT31;40441;Schalchen;2010;212;23;235;246;16;262
AT31;40442;Schwand im Innkreis;2010;19;1;20;24;1;25
AT31;40443;Tarsdorf;2010;52;8;60;61;6;67
AT31;40444;Treubach;2010;20;4;24;29;8;37
AT31;40445;Überackern;2010;25;21;46;13;12;25
AT31;40446;Weng im Innkreis;2010;36;9;45;60;2;62
AT31;40501;Alkoven;2010;206;16;222;175;11;186
AT31;40502;Aschach an der Donau;2010;103;15;118;100;12;112
AT31;40503;Eferding;2010;289;32;321;268;15;283
AT31;40504;Fraham;2010;102;7;109;79;7;86
AT31;40505;Haibach ob der Donau;2010;46;4;50;42;3;45
AT31;40506;Hartkirchen;2010;96;14;110;166;5;171
AT31;40507;Hinzenbach;2010;73;5;78;101;1;102
AT31;40508;Prambachkirchen;2010;70;9;79;92;1;93
AT31;40509;Pupping;2010;92;3;95;74;1;75
AT31;40510;St. Marienkirchen an der Polsenz;2010;57;1;58;66;2;68
AT31;40511;Scharten;2010;112;5;117;109;11;120
AT31;40512;Stroheim;2010;41;3;44;50;2;52
AT31;40601;Freistadt;2010;380;21;401;361;23;384
AT31;40602;Grünbach;2010;62;1;63;98;3;101
AT31;40603;Gutau;2010;61;2;63;88;2;90
AT31;40604;Hagenberg im Mühlkreis;2010;142;4;146;105;7;112
AT31;40605;Hirschbach im Mühlkreis;2010;24;3;27;40;0;40
AT31;40606;Kaltenberg;2010;8;0;8;15;0;15
AT31;40607;Kefermarkt;2010;52;7;59;72;7;79
AT31;40608;Königswiesen;2010;68;3;71;48;2;50
AT31;40609;Lasberg;2010;86;8;94;109;11;120
AT31;40610;Leopoldschlag;2010;26;8;34;33;3;36
AT31;40611;Liebenau;2010;37;0;37;41;1;42
AT31;40612;Neumarkt im Mühlkreis;2010;74;6;80;111;5;116
AT31;40613;Pierbach;2010;21;3;24;31;2;33
AT31;40614;Pregarten;2010;225;16;241;180;27;207
AT31;40615;Rainbach im Mühlkreis;2010;103;9;112;115;7;122
AT31;40616;Sandl;2010;37;2;39;48;0;48
AT31;40617;St. Leonhard bei Freistadt;2010;33;2;35;52;1;53
AT31;40618;St. Oswald bei Freistadt;2010;81;5;86;95;4;99
AT31;40619;Schönau im Mühlkreis;2010;60;2;62;44;1;45
AT31;40620;Tragwein;2010;85;12;97;85;1;86
AT31;40621;Unterweißenbach;2010;47;4;51;54;1;55
AT31;40622;Unterweitersdorf;2010;89;1;90;60;2;62
AT31;40623;Waldburg;2010;40;6;46;52;0;52
AT31;40624;Wartberg ob der Aist;2010;135;16;151;170;14;184
AT31;40625;Weitersfelden;2010;43;6;49;29;0;29
AT31;40626;Windhaag bei Freistadt;2010;54;12;66;53;9;62
AT31;40627;Bad Zell;2010;115;10;125;115;17;132
AT31;40701;Altmünster;2010;335;64;399;377;33;410
AT31;40702;Bad Goisern am Hallstättersee;2010;214;30;244;154;17;171
AT31;40703;Bad Ischl;2010;471;118;589;533;97;630
AT31;40704;Ebensee;2010;150;50;200;201;34;235
AT31;40705;Gmunden;2010;646;136;782;692;83;775
AT31;40706;Gosau;2010;37;34;71;51;26;77
AT31;40707;Grünau im Almtal;2010;83;19;102;87;26;113
AT31;40708;Gschwandt;2010;140;7;147;99;12;111
AT31;40709;Hallstatt;2010;30;5;35;42;10;52
AT31;40710;Kirchham;2010;81;4;85;63;1;64
AT31;40711;Laakirchen;2010;363;45;408;362;47;409
AT31;40712;Obertraun;2010;19;9;28;20;6;26
AT31;40713;Ohlsdorf;2010;213;18;231;204;5;209
AT31;40714;Pinsdorf;2010;199;24;223;231;27;258
AT31;40715;Roitham;2010;73;10;83;81;3;84
AT31;40716;St. Konrad;2010;28;3;31;29;12;41
AT31;40717;St. Wolfgang im Salzkammergut;2010;114;35;149;132;20;152
AT31;40718;Traunkirchen;2010;87;7;94;92;9;101
AT31;40719;Scharnstein;2010;171;20;191;152;18;170
AT31;40720;Vorchdorf;2010;233;28;261;244;26;270
AT31;40801;Aistersheim;2010;42;3;45;45;5;50
AT31;40802;Bad Schallerbach;2010;193;26;219;198;28;226
AT31;40803;Bruck-Waasen;2010;77;4;81;88;11;99
AT31;40804;Eschenau im Hausruckkreis;2010;10;4;14;33;1;34
AT31;40805;Gallspach;2010;152;59;211;213;46;259
AT31;40806;Gaspoltshofen;2010;117;19;136;121;8;129
AT31;40807;Geboltskirchen;2010;59;5;64;59;5;64
AT31;40808;Grieskirchen;2010;265;22;287;230;23;253
AT31;40809;Haag am Hausruck;2010;64;18;82;118;17;135
AT31;40810;Heiligenberg;2010;17;0;17;20;0;20
AT31;40811;Hofkirchen an der Trattnach;2010;83;9;92;42;7;49
AT31;40812;Kallham;2010;109;7;116;100;6;106
AT31;40813;Kematen am Innbach;2010;42;12;54;56;5;61
AT31;40814;Meggenhofen;2010;48;2;50;45;0;45
AT31;40815;Michaelnbach;2010;23;1;24;42;1;43
AT31;40816;Natternbach;2010;41;11;52;69;11;80
AT31;40817;Neukirchen am Walde;2010;49;3;52;36;0;36
AT31;40818;Neumarkt im Hausruckkreis;2010;48;13;61;94;7;101
AT31;40819;Peuerbach;2010;113;10;123;90;6;96
AT31;40820;Pötting;2010;8;1;9;19;1;20
AT31;40821;Pollham;2010;25;0;25;18;1;19
AT31;40822;Pram;2010;65;5;70;59;6;65
AT31;40823;Rottenbach;2010;32;2;34;43;1;44
AT31;40824;St. Agatha;2010;48;5;53;46;3;49
AT31;40825;St. Georgen bei Grieskirchen;2010;53;1;54;42;3;45
AT31;40826;St. Thomas;2010;21;1;22;13;0;13
AT31;40827;Schlüßlberg;2010;136;11;147;186;7;193
AT31;40828;Steegen;2010;71;1;72;37;1;38
AT31;40829;Taufkirchen an der Trattnach;2010;47;13;60;59;11;70
AT31;40830;Tollet;2010;28;2;30;29;1;30
AT31;40831;Waizenkirchen;2010;82;15;97;143;11;154
AT31;40832;Wallern an der Trattnach;2010;88;10;98;98;7;105
AT31;40833;Weibern;2010;45;3;48;62;6;68
AT31;40834;Wendling;2010;27;5;32;18;5;23
AT31;40901;Edlbach;2010;38;2;40;43;9;52
AT31;40902;Grünburg;2010;187;17;204;171;10;181
AT31;40903;Hinterstoder;2010;21;17;38;40;6;46
AT31;40904;Inzersdorf im Kremstal;2010;78;9;87;90;12;102
AT31;40905;Kirchdorf an der Krems;2010;254;30;284;280;15;295
AT31;40906;Klaus an der Pyhrnbahn;2010;51;5;56;74;5;79
AT31;40907;Kremsmünster;2010;237;39;276;204;21;225
AT31;40908;Micheldorf in Oberösterreich;2010;270;34;304;288;23;311
AT31;40909;Molln;2010;119;13;132;165;7;172
AT31;40910;Nußbach;2010;52;10;62;99;8;107
AT31;40911;Oberschlierbach;2010;25;2;27;23;2;25
AT31;40912;Pettenbach;2010;160;14;174;169;9;178
AT31;40913;Ried im Traunkreis;2010;117;8;125;95;4;99
AT31;40914;Rosenau am Hengstpaß;2010;19;4;23;42;4;46
AT31;40915;Roßleithen;2010;84;9;93;110;4;114
AT31;40916;St. Pankraz;2010;16;4;20;19;8;27
AT31;40917;Schlierbach;2010;133;20;153;151;7;158
AT31;40918;Spital am Pyhrn;2010;83;5;88;98;4;102
AT31;40919;Steinbach am Ziehberg;2010;16;5;21;27;1;28
AT31;40920;Steinbach an der Steyr;2010;50;2;52;74;1;75
AT31;40921;Vorderstoder;2010;21;5;26;31;5;36
AT31;40922;Wartberg an der Krems;2010;93;10;103;118;2;120
AT31;40923;Windischgarsten;2010;133;34;167;123;21;144
AT31;41001;Allhaming;2010;79;6;85;37;5;42
AT31;41002;Ansfelden;2010;771;178;949;895;170;1065
AT31;41003;Asten;2010;351;67;418;390;35;425
AT31;41004;Eggendorf im Traunkreis;2010;21;4;25;23;3;26
AT31;41005;Enns;2010;583;105;688;608;92;700
AT31;41006;Hargelsberg;2010;67;10;77;54;6;60
AT31;41007;Hörsching;2010;322;46;368;306;58;364
AT31;41008;Hofkirchen im Traunkreis;2010;77;8;85;96;2;98
AT31;41009;Kematen an der Krems;2010;138;16;154;112;16;128
AT31;41010;Kirchberg-Thening;2010;78;6;84;105;9;114
AT31;41011;Kronstorf;2010;108;31;139;151;11;162
AT31;41012;Leonding;2010;1693;213;1906;1460;184;1644
AT31;41013;St. Florian;2010;279;16;295;218;15;233
AT31;41014;Neuhofen an der Krems;2010;291;40;331;276;24;300
AT31;41015;Niederneukirchen;2010;93;1;94;72;2;74
AT31;41016;Oftering;2010;95;34;129;78;26;104
AT31;41017;Pasching;2010;432;62;494;437;52;489
AT31;41018;Piberbach;2010;89;4;93;94;1;95
AT31;41019;Pucking;2010;175;16;191;170;13;183
AT31;41020;St. Marien;2010;165;10;175;186;14;200
AT31;41021;Traun;2010;1300;341;1641;1467;292;1759
AT31;41022;Wilhering;2010;238;63;301;220;54;274
AT31;41101;Allerheiligen im Mühlkreis;2010;28;1;29;44;3;47
AT31;41102;Arbing;2010;62;7;69;89;1;90
AT31;41103;Baumgartenberg;2010;81;8;89;68;2;70
AT31;41104;Dimbach;2010;16;1;17;29;0;29
AT31;41105;Grein;2010;105;12;117;142;7;149
AT31;41106;Katsdorf;2010;106;6;112;130;6;136
AT31;41107;Klam;2010;28;1;29;21;6;27
AT31;41108;Bad Kreuzen;2010;277;232;509;360;143;503
AT31;41109;Langenstein;2010;94;7;101;146;15;161
AT31;41110;Luftenberg an der Donau;2010;175;21;196;173;11;184
AT31;41111;Mauthausen;2010;268;62;330;225;38;263
AT31;41112;Mitterkirchen im Machland;2010;48;4;52;71;2;73
AT31;41113;Münzbach;2010;48;14;62;49;7;56
AT31;41114;Naarn im Machlande;2010;142;24;166;163;5;168
AT31;41115;Pabneukirchen;2010;38;5;43;35;3;38
AT31;41116;Perg;2010;335;47;382;365;30;395
AT31;41117;Rechberg;2010;26;5;31;34;3;37
AT31;41118;Ried in der Riedmark;2010;115;8;123;135;4;139
AT31;41119;St. Georgen am Walde;2010;17;4;21;47;1;48
AT31;41120;St. Georgen an der Gusen;2010;152;13;165;104;8;112
AT31;41121;St. Nikola an der Donau;2010;48;6;54;60;17;77
AT31;41122;St. Thomas am Blasenstein;2010;33;0;33;18;3;21
AT31;41123;Saxen;2010;63;6;69;56;2;58
AT31;41124;Schwertberg;2010;239;28;267;253;37;290
AT31;41125;Waldhausen im Strudengau;2010;89;9;98;106;8;114
AT31;41126;Windhaag bei Perg;2010;73;6;79;51;2;53
AT31;41201;Andrichsfurt;2010;21;1;22;37;1;38
AT31;41202;Antiesenhofen;2010;34;13;47;43;9;52
AT31;41203;Aurolzmünster;2010;114;15;129;165;4;169
AT31;41204;Eberschwang;2010;113;18;131;81;13;94
AT31;41205;Eitzing;2010;44;4;48;39;8;47
AT31;41206;Geiersberg;2010;16;0;16;24;1;25
AT31;41207;Geinberg;2010;67;18;85;63;12;75
AT31;41208;Gurten;2010;51;2;53;48;2;50
AT31;41209;Hohenzell;2010;82;8;90;78;3;81
AT31;41210;Kirchdorf am Inn;2010;9;1;10;13;10;23
AT31;41211;Kirchheim im Innkreis;2010;21;6;27;26;8;34
AT31;41212;Lambrechten;2010;26;12;38;28;7;35
AT31;41213;Lohnsburg am Kobernaußerwald;2010;62;3;65;62;6;68
AT31;41214;Mehrnbach;2010;124;10;134;128;3;131
AT31;41215;Mettmach;2010;61;11;72;116;4;120
AT31;41216;Mörschwang;2010;19;0;19;13;0;13
AT31;41217;Mühlheim am Inn;2010;18;7;25;22;2;24
AT31;41218;Neuhofen im Innkreis;2010;77;10;87;104;10;114
AT31;41219;Obernberg am Inn;2010;119;34;153;97;22;119
AT31;41220;Ort im Innkreis;2010;71;4;75;50;8;58
AT31;41221;Pattigham;2010;23;2;25;20;4;24
AT31;41222;Peterskirchen;2010;19;0;19;33;0;33
AT31;41223;Pramet;2010;30;7;37;23;3;26
AT31;41224;Reichersberg;2010;86;16;102;69;7;76
AT31;41225;Ried im Innkreis;2010;771;137;908;717;141;858
AT31;41226;St. Georgen bei Obernberg am Inn;2010;15;2;17;18;3;21
AT31;41227;St. Marienkirchen am Hausruck;2010;28;3;31;24;0;24
AT31;41228;St. Martin im Innkreis;2010;77;23;100;92;14;106
AT31;41229;Schildorn;2010;16;1;17;41;2;43
AT31;41230;Senftenbach;2010;32;8;40;42;3;45
AT31;41231;Taiskirchen im Innkreis;2010;85;18;103;79;17;96
AT31;41232;Tumeltsham;2010;74;2;76;55;4;59
AT31;41233;Utzenaich;2010;85;10;95;74;10;84
AT31;41234;Waldzell;2010;39;6;45;68;7;75
AT31;41235;Weilbach;2010;16;4;20;30;2;32
AT31;41236;Wippenham;2010;17;5;22;30;0;30
AT31;41301;Afiesl;2010;10;1;11;11;1;12
AT31;41302;Ahorn;2010;14;0;14;17;1;18
AT31;41304;Altenfelden;2010;62;7;69;57;7;64
AT31;41305;Arnreit;2010;18;2;20;25;1;26
AT31;41306;Atzesberg;2010;7;1;8;5;2;7
AT31;41307;Auberg;2010;20;1;21;23;1;24
AT31;41309;Haslach an der Mühl;2010;74;9;83;85;9;94
AT31;41310;Helfenberg;2010;32;3;35;30;1;31
AT31;41311;Hörbich;2010;13;0;13;12;0;12
AT31;41312;Hofkirchen im Mühlkreis;2010;30;10;40;48;0;48
AT31;41313;Julbach;2010;30;5;35;55;2;57
AT31;41314;Kirchberg ob der Donau;2010;29;0;29;23;1;24
AT31;41315;Klaffer am Hochficht;2010;45;3;48;30;8;38
AT31;41316;Kleinzell im Mühlkreis;2010;71;5;76;53;4;57
AT31;41317;Kollerschlag;2010;27;5;32;41;6;47
AT31;41318;Lembach im Mühlkreis;2010;61;14;75;39;3;42
AT31;41319;Lichtenau im Mühlkreis;2010;11;4;15;15;5;20
AT31;41320;Nebelberg;2010;9;0;9;4;4;8
AT31;41321;Neufelden;2010;60;11;71;67;15;82
AT31;41322;Niederkappel;2010;7;0;7;24;0;24
AT31;41323;Niederwaldkirchen;2010;50;1;51;60;0;60
AT31;41324;Oberkappel;2010;33;10;43;45;2;47
AT31;41325;Oepping;2010;46;5;51;59;1;60
AT31;41326;Peilstein im Mühlviertel;2010;45;4;49;49;3;52
AT31;41327;Pfarrkirchen im Mühlkreis;2010;25;6;31;46;0;46
AT31;41328;Putzleinsdorf;2010;37;2;39;84;9;93
AT31;41329;Neustift im Mühlkreis;2010;22;5;27;27;4;31
AT31;41331;St. Johann am Wimberg;2010;22;1;23;32;0;32
AT31;41332;St. Martin im Mühlkreis;2010;85;3;88;147;5;152
AT31;41333;St. Oswald bei Haslach;2010;21;1;22;24;0;24
AT31;41334;St. Peter am Wimberg;2010;32;4;36;56;1;57
AT31;41335;St. Stefan am Walde;2010;20;0;20;20;2;22
AT31;41336;St. Ulrich im Mühlkreis;2010;28;0;28;13;0;13
AT31;41337;St. Veit im Mühlkreis;2010;28;1;29;36;1;37
AT31;41338;Sarleinsbach;2010;46;5;51;58;8;66
AT31;41340;Schönegg;2010;10;4;14;20;2;22
AT31;41341;Schwarzenberg am Böhmerwald;2010;4;14;18;15;5;20
AT31;41342;Ulrichsberg;2010;92;14;106;100;2;102
AT31;41343;Aigen-Schlägl;2010;109;17;126;109;9;118
AT31;41344;Rohrbach-Berg;2010;157;19;176;181;17;198
AT31;41401;Altschwendt;2010;18;2;20;10;2;12
AT31;41402;Andorf;2010;191;17;208;150;19;169
AT31;41403;Brunnenthal;2010;71;17;88;99;21;120
AT31;41404;Diersbach;2010;51;1;52;43;1;44
AT31;41405;Dorf an der Pram;2010;30;6;36;45;10;55
AT31;41406;Eggerding;2010;44;3;47;54;3;57
AT31;41407;Engelhartszell;2010;36;11;47;47;4;51
AT31;41408;Enzenkirchen;2010;48;4;52;56;3;59
AT31;41409;Esternberg;2010;85;21;106;58;10;68
AT31;41410;Freinberg;2010;15;48;63;44;36;80
AT31;41411;Kopfing im Innkreis;2010;44;4;48;55;2;57
AT31;41412;Mayrhof;2010;14;1;15;8;0;8
AT31;41413;Münzkirchen;2010;57;5;62;69;3;72
AT31;41414;Raab;2010;72;17;89;97;18;115
AT31;41415;Rainbach im Innkreis;2010;37;7;44;52;3;55
AT31;41416;Riedau;2010;80;7;87;105;0;105
AT31;41417;St. Aegidi;2010;28;2;30;41;2;43
AT31;41418;St. Florian am Inn;2010;150;19;169;189;21;210
AT31;41419;St. Marienkirchen bei Schärding;2010;53;10;63;51;11;62
AT31;41420;St. Roman;2010;33;2;35;37;2;39
AT31;41421;St. Willibald;2010;28;1;29;33;3;36
AT31;41422;Schärding;2010;287;67;354;259;69;328
AT31;41423;Schardenberg;2010;53;33;86;83;30;113
AT31;41424;Sigharting;2010;12;6;18;32;4;36
AT31;41425;Suben;2010;109;32;141;116;60;176
AT31;41426;Taufkirchen an der Pram;2010;83;11;94;92;9;101
AT31;41427;Vichtenstein;2010;33;22;55;50;7;57
AT31;41428;Waldkirchen am Wesen;2010;26;6;32;36;4;40
AT31;41429;Wernstein am Inn;2010;40;36;76;43;8;51
AT31;41430;Zell an der Pram;2010;68;4;72;80;3;83
AT31;41501;Adlwang;2010;48;8;56;55;6;61
AT31;41502;Aschach an der Steyr;2010;64;1;65;59;11;70
AT31;41503;Bad Hall;2010;248;16;264;238;15;253
AT31;41504;Dietach;2010;185;7;192;116;7;123
AT31;41505;Gaflenz;2010;35;13;48;46;11;57
AT31;41506;Garsten;2010;395;51;446;360;54;414
AT31;41507;Großraming;2010;47;3;50;70;3;73
AT31;41508;Laussa;2010;30;0;30;52;1;53
AT31;41509;Losenstein;2010;57;1;58;64;4;68
AT31;41510;Maria Neustift;2010;22;2;24;41;0;41
AT31;41511;Pfarrkirchen bei Bad Hall;2010;99;1;100;88;3;91
AT31;41512;Reichraming;2010;67;2;69;71;6;77
AT31;41513;Rohr im Kremstal;2010;56;5;61;62;3;65
AT31;41514;St. Ulrich bei Steyr;2010;71;4;75;91;4;95
AT31;41515;Schiedlberg;2010;30;27;57;41;29;70
AT31;41516;Sierning;2010;391;49;440;374;60;434
AT31;41517;Ternberg;2010;113;9;122;139;6;145
AT31;41518;Waldneukirchen;2010;80;24;104;80;20;100
AT31;41521;Wolfern;2010;140;14;154;111;12;123
AT31;41522;Weyer;2010;110;27;137;119;25;144
AT31;41601;Alberndorf in der Riedmark;2010;122;6;128;128;5;133
AT31;41602;Altenberg bei Linz;2010;186;26;212;175;23;198
AT31;41603;Bad Leonfelden;2010;141;19;160;139;24;163
AT31;41604;Eidenberg;2010;85;5;90;73;5;78
AT31;41605;Engerwitzdorf;2010;372;23;395;309;20;329
AT31;41606;Feldkirchen an der Donau;2010;168;10;178;158;7;165
AT31;41607;Gallneukirchen;2010;282;29;311;297;21;318
AT31;41608;Goldwörth;2010;35;3;38;46;5;51
AT31;41609;Gramastetten;2010;185;18;203;188;11;199
AT31;41610;Haibach im Mühlkreis;2010;34;1;35;31;1;32
AT31;41611;Hellmonsödt;2010;127;6;133;112;4;116
AT31;41612;Herzogsdorf;2010;78;2;80;59;6;65
AT31;41613;Kirchschlag bei Linz;2010;87;7;94;78;8;86
AT31;41614;Lichtenberg;2010;93;13;106;98;11;109
AT31;41615;Oberneukirchen;2010;103;23;126;98;6;104
AT31;41616;Ottenschlag im Mühlkreis;2010;31;0;31;23;2;25
AT31;41617;Ottensheim;2010;192;17;209;185;15;200
AT31;41618;Puchenau;2010;234;21;255;218;18;236
AT31;41619;Reichenau im Mühlkreis;2010;60;1;61;51;4;55
AT31;41620;Reichenthal;2010;37;2;39;48;2;50
AT31;41621;St. Gotthard im Mühlkreis;2010;61;5;66;51;2;53
AT31;41622;Schenkenfelden;2010;44;4;48;58;3;61
AT31;41623;Sonnberg im Mühlkreis;2010;43;0;43;39;2;41
AT31;41624;Steyregg;2010;209;44;253;216;35;251
AT31;41625;Vorderweißenbach;2010;37;5;42;52;8;60
AT31;41626;Walding;2010;158;9;167;156;21;177
AT31;41627;Zwettl an der Rodl;2010;50;4;54;77;4;81
AT31;41701;Ampflwang im Hausruckwald;2010;114;35;149;137;20;157
AT31;41702;Attersee am Attersee;2010;86;8;94;101;8;109
AT31;41703;Attnang-Puchheim;2010;486;84;570;521;72;593
AT31;41704;Atzbach;2010;35;3;38;36;7;43
AT31;41705;Aurach am Hongar;2010;69;4;73;76;7;83
AT31;41706;Berg im Attergau;2010;19;6;25;31;0;31
AT31;41707;Desselbrunn;2010;59;8;67;63;4;67
AT31;41708;Fornach;2010;38;4;42;31;2;33
AT31;41709;Frankenburg am Hausruck;2010;108;15;123;150;12;162
AT31;41710;Frankenmarkt;2010;148;11;159;142;21;163
AT31;41711;Gampern;2010;100;12;112;111;19;130
AT31;41712;Innerschwand am Mondsee;2010;67;3;70;43;5;48
AT31;41713;Lenzing;2010;267;30;297;275;23;298
AT31;41714;Manning;2010;26;3;29;44;0;44
AT31;41715;Mondsee;2010;255;35;290;255;43;298
AT31;41716;Neukirchen an der Vöckla;2010;112;2;114;96;8;104
AT31;41717;Niederthalheim;2010;28;2;30;29;3;32
AT31;41718;Nußdorf am Attersee;2010;48;22;70;54;12;66
AT31;41719;Oberhofen am Irrsee;2010;88;5;93;64;3;67
AT31;41720;Oberndorf bei Schwanenstadt;2010;50;2;52;67;3;70
AT31;41721;Oberwang;2010;27;4;31;43;1;44
AT31;41722;Ottnang am Hausruck;2010;156;31;187;175;15;190
AT31;41723;Pfaffing;2010;80;2;82;56;3;59
AT31;41724;Pilsbach;2010;8;0;8;19;0;19
AT31;41725;Pitzenberg;2010;14;2;16;13;2;15
AT31;41726;Pöndorf;2010;86;7;93;95;12;107
AT31;41727;Puchkirchen am Trattberg;2010;31;2;33;42;0;42
AT31;41728;Pühret;2010;9;2;11;16;0;16
AT31;41729;Redleiten;2010;13;2;15;16;0;16
AT31;41730;Redlham;2010;84;7;91;55;4;59
AT31;41731;Regau;2010;355;23;378;299;21;320
AT31;41732;Rüstorf;2010;107;4;111;99;3;102
AT31;41733;Rutzenham;2010;3;0;3;8;0;8
AT31;41734;St. Georgen im Attergau;2010;297;952;1249;1195;86;1281
AT31;41735;St. Lorenz;2010;133;25;158;102;21;123
AT31;41736;Schlatt;2010;72;2;74;90;9;99
AT31;41737;Schörfling am Attersee;2010;179;31;210;162;17;179
AT31;41738;Schwanenstadt;2010;251;50;301;332;41;373
AT31;41739;Seewalchen am Attersee;2010;267;21;288;248;18;266
AT31;41740;Steinbach am Attersee;2010;31;11;42;42;6;48
AT31;41741;Straß im Attergau;2010;78;5;83;66;18;84
AT31;41742;Tiefgraben;2010;180;32;212;163;22;185
AT31;41743;Timelkam;2010;407;42;449;346;138;484
AT31;41744;Ungenach;2010;32;3;35;42;4;46
AT31;41745;Unterach am Attersee;2010;41;26;67;51;17;68
AT31;41746;Vöcklabruck;2010;753;86;839;663;87;750
AT31;41747;Vöcklamarkt;2010;195;20;215;185;17;202
AT31;41748;Weißenkirchen im Attergau;2010;24;1;25;37;2;39
AT31;41749;Weyregg am Attersee;2010;58;3;61;65;5;70
AT31;41750;Wolfsegg am Hausruck;2010;65;16;81;89;5;94
AT31;41751;Zell am Moos;2010;81;32;113;116;15;131
AT31;41752;Zell am Pettenfirst;2010;77;6;83;49;21;70
AT31;41801;Aichkirchen;2010;21;0;21;14;1;15
AT31;41802;Bachmanning;2010;42;4;46;20;3;23
AT31;41803;Bad Wimsbach-Neydharting;2010;83;15;98;121;9;130
AT31;41804;Buchkirchen;2010;153;108;261;155;108;263
AT31;41805;Eberstalzell;2010;60;4;64;70;5;75
AT31;41806;Edt bei Lambach;2010;95;6;101;92;6;98
AT31;41807;Fischlham;2010;41;7;48;47;2;49
AT31;41808;Gunskirchen;2010;194;35;229;202;32;234
AT31;41809;Holzhausen;2010;46;1;47;41;1;42
AT31;41810;Krenglbach;2010;92;18;110;102;9;111
AT31;41811;Lambach;2010;237;45;282;182;45;227
AT31;41812;Marchtrenk;2010;621;131;752;530;88;618
AT31;41813;Neukirchen bei Lambach;2010;19;4;23;20;3;23
AT31;41814;Offenhausen;2010;54;5;59;52;4;56
AT31;41815;Pennewang;2010;33;5;38;31;0;31
AT31;41816;Pichl bei Wels;2010;113;25;138;134;13;147
AT31;41817;Sattledt;2010;94;15;109;99;4;103
AT31;41818;Schleißheim;2010;81;1;82;52;2;54
AT31;41819;Sipbachzell;2010;62;14;76;74;11;85
AT31;41820;Stadl-Paura;2010;266;75;341;300;43;343
AT31;41821;Steinerkirchen an der Traun;2010;78;12;90;68;7;75
AT31;41822;Steinhaus;2010;81;9;90;59;2;61
AT31;41823;Thalheim bei Wels;2010;302;51;353;281;52;333
AT31;41824;Weißkirchen an der Traun;2010;144;32;176;172;10;182
AT31;40101;Linz;2009;7533;2602;10135;7748;2289;10037
AT31;40201;Steyr;2009;1533;535;2068;1626;461;2087
AT31;40301;Wels;2009;2357;756;3113;2521;679;3200
AT31;40401;Altheim;2009;164;23;187;180;10;190
AT31;40402;Aspach;2009;75;12;87;79;13;92
AT31;40403;Auerbach;2009;21;2;23;18;6;24
AT31;40404;Braunau am Inn;2009;505;155;660;571;177;748
AT31;40405;Burgkirchen;2009;115;23;138;144;23;167
AT31;40406;Eggelsberg;2009;98;27;125;110;21;131
AT31;40407;Feldkirchen bei Mattighofen;2009;64;4;68;62;3;65
AT31;40408;Franking;2009;43;10;53;30;9;39
AT31;40409;Geretsberg;2009;37;30;67;52;19;71
AT31;40410;Gilgenberg am Weilhart;2009;36;10;46;40;10;50
AT31;40411;Haigermoos;2009;16;3;19;14;2;16
AT31;40412;Handenberg;2009;35;1;36;43;9;52
AT31;40413;Helpfau-Uttendorf;2009;157;21;178;173;15;188
AT31;40414;Hochburg-Ach;2009;56;50;106;58;23;81
AT31;40415;Höhnhart;2009;31;6;37;50;2;52
AT31;40416;Jeging;2009;30;4;34;23;0;23
AT31;40417;Kirchberg bei Mattighofen;2009;45;8;53;31;4;35
AT31;40418;Lengau;2009;124;41;165;173;31;204
AT31;40419;Lochen am See;2009;94;11;105;81;3;84
AT31;40420;Maria Schmolln;2009;45;3;48;42;7;49
AT31;40421;Mattighofen;2009;319;58;377;279;40;319
AT31;40422;Mauerkirchen;2009;153;9;162;160;14;174
AT31;40423;Mining;2009;47;6;53;36;2;38
AT31;40424;Moosbach;2009;27;5;32;36;10;46
AT31;40425;Moosdorf;2009;65;8;73;71;9;80
AT31;40426;Munderfing;2009;105;22;127;120;12;132
AT31;40427;Neukirchen an der Enknach;2009;71;9;80;64;7;71
AT31;40428;Ostermiething;2009;114;31;145;119;24;143
AT31;40429;Palting;2009;37;7;44;42;4;46
AT31;40430;Perwang am Grabensee;2009;38;6;44;31;3;34
AT31;40431;Pfaffstätt;2009;42;10;52;73;5;78
AT31;40432;Pischelsdorf am Engelbach;2009;45;8;53;50;1;51
AT31;40433;Polling im Innkreis;2009;28;4;32;17;5;22
AT31;40434;Roßbach;2009;34;2;36;35;0;35
AT31;40435;St. Georgen am Fillmannsbach;2009;21;2;23;33;3;36
AT31;40436;St. Johann am Walde;2009;61;11;72;56;14;70
AT31;40437;St. Pantaleon;2009;126;14;140;151;15;166
AT31;40438;St. Peter am Hart;2009;102;39;141;125;54;179
AT31;40439;St. Radegund;2009;14;9;23;15;4;19
AT31;40440;St. Veit im Innkreis;2009;9;0;9;8;2;10
AT31;40441;Schalchen;2009;187;29;216;172;11;183
AT31;40442;Schwand im Innkreis;2009;34;1;35;16;3;19
AT31;40443;Tarsdorf;2009;48;9;57;55;5;60
AT31;40444;Treubach;2009;19;7;26;23;3;26
AT31;40445;Überackern;2009;17;15;32;20;13;33
AT31;40446;Weng im Innkreis;2009;55;1;56;53;0;53
AT31;40501;Alkoven;2009;210;14;224;193;8;201
AT31;40502;Aschach an der Donau;2009;83;25;108;109;11;120
AT31;40503;Eferding;2009;283;21;304;207;17;224
AT31;40504;Fraham;2009;133;11;144;118;11;129
AT31;40505;Haibach ob der Donau;2009;29;6;35;37;5;42
AT31;40506;Hartkirchen;2009;103;10;113;137;2;139
AT31;40507;Hinzenbach;2009;93;17;110;101;5;106
AT31;40508;Prambachkirchen;2009;75;4;79;97;4;101
AT31;40509;Pupping;2009;106;3;109;60;6;66
AT31;40510;St. Marienkirchen an der Polsenz;2009;90;3;93;72;5;77
AT31;40511;Scharten;2009;94;8;102;127;8;135
AT31;40512;Stroheim;2009;64;2;66;58;2;60
AT31;40601;Freistadt;2009;323;26;349;317;29;346
AT31;40602;Grünbach;2009;72;1;73;77;8;85
AT31;40603;Gutau;2009;89;8;97;80;2;82
AT31;40604;Hagenberg im Mühlkreis;2009;105;6;111;109;8;117
AT31;40605;Hirschbach im Mühlkreis;2009;26;4;30;36;1;37
AT31;40606;Kaltenberg;2009;7;0;7;18;0;18
AT31;40607;Kefermarkt;2009;98;5;103;90;6;96
AT31;40608;Königswiesen;2009;49;3;52;63;4;67
AT31;40609;Lasberg;2009;102;8;110;107;7;114
AT31;40610;Leopoldschlag;2009;20;2;22;28;5;33
AT31;40611;Liebenau;2009;25;1;26;44;2;46
AT31;40612;Neumarkt im Mühlkreis;2009;94;11;105;90;6;96
AT31;40613;Pierbach;2009;17;4;21;25;3;28
AT31;40614;Pregarten;2009;201;7;208;140;24;164
AT31;40615;Rainbach im Mühlkreis;2009;99;25;124;100;7;107
AT31;40616;Sandl;2009;34;6;40;42;11;53
AT31;40617;St. Leonhard bei Freistadt;2009;35;3;38;29;3;32
AT31;40618;St. Oswald bei Freistadt;2009;90;8;98;88;4;92
AT31;40619;Schönau im Mühlkreis;2009;35;2;37;55;4;59
AT31;40620;Tragwein;2009;71;2;73;94;4;98
AT31;40621;Unterweißenbach;2009;51;3;54;56;0;56
AT31;40622;Unterweitersdorf;2009;62;7;69;65;1;66
AT31;40623;Waldburg;2009;51;4;55;62;4;66
AT31;40624;Wartberg ob der Aist;2009;144;25;169;142;23;165
AT31;40625;Weitersfelden;2009;28;0;28;41;1;42
AT31;40626;Windhaag bei Freistadt;2009;41;24;65;69;6;75
AT31;40627;Bad Zell;2009;73;17;90;74;12;86
AT31;40701;Altmünster;2009;431;68;499;410;45;455
AT31;40702;Bad Goisern am Hallstättersee;2009;202;27;229;217;24;241
AT31;40703;Bad Ischl;2009;547;136;683;505;119;624
AT31;40704;Ebensee;2009;195;52;247;219;67;286
AT31;40705;Gmunden;2009;692;127;819;728;92;820
AT31;40706;Gosau;2009;36;22;58;52;27;79
AT31;40707;Grünau im Almtal;2009;63;23;86;88;10;98
AT31;40708;Gschwandt;2009;130;4;134;88;10;98
AT31;40709;Hallstatt;2009;22;11;33;50;11;61
AT31;40710;Kirchham;2009;61;9;70;91;1;92
AT31;40711;Laakirchen;2009;354;56;410;454;53;507
AT31;40712;Obertraun;2009;20;7;27;28;5;33
AT31;40713;Ohlsdorf;2009;232;19;251;209;8;217
AT31;40714;Pinsdorf;2009;225;28;253;188;17;205
AT31;40715;Roitham;2009;58;4;62;85;4;89
AT31;40716;St. Konrad;2009;35;1;36;29;2;31
AT31;40717;St. Wolfgang im Salzkammergut;2009;73;33;106;99;17;116
AT31;40718;Traunkirchen;2009;81;11;92;98;7;105
AT31;40719;Scharnstein;2009;143;17;160;138;22;160
AT31;40720;Vorchdorf;2009;215;38;253;283;22;305
AT31;40801;Aistersheim;2009;39;6;45;37;6;43
AT31;40802;Bad Schallerbach;2009;200;33;233;216;37;253
AT31;40803;Bruck-Waasen;2009;81;8;89;85;6;91
AT31;40804;Eschenau im Hausruckkreis;2009;31;0;31;25;1;26
AT31;40805;Gallspach;2009;180;44;224;154;23;177
AT31;40806;Gaspoltshofen;2009;141;31;172;142;15;157
AT31;40807;Geboltskirchen;2009;53;5;58;69;4;73
AT31;40808;Grieskirchen;2009;227;29;256;304;16;320
AT31;40809;Haag am Hausruck;2009;82;8;90;101;10;111
AT31;40810;Heiligenberg;2009;16;0;16;24;0;24
AT31;40811;Hofkirchen an der Trattnach;2009;63;4;67;65;5;70
AT31;40812;Kallham;2009;94;9;103;103;9;112
AT31;40813;Kematen am Innbach;2009;59;4;63;57;6;63
AT31;40814;Meggenhofen;2009;52;3;55;44;0;44
AT31;40815;Michaelnbach;2009;56;1;57;57;1;58
AT31;40816;Natternbach;2009;58;2;60;61;2;63
AT31;40817;Neukirchen am Walde;2009;45;3;48;63;3;66
AT31;40818;Neumarkt im Hausruckkreis;2009;84;16;100;91;14;105
AT31;40819;Peuerbach;2009;115;10;125;98;10;108
AT31;40820;Pötting;2009;13;0;13;19;4;23
AT31;40821;Pollham;2009;38;4;42;37;0;37
AT31;40822;Pram;2009;66;6;72;73;5;78
AT31;40823;Rottenbach;2009;14;1;15;38;2;40
AT31;40824;St. Agatha;2009;30;4;34;40;6;46
AT31;40825;St. Georgen bei Grieskirchen;2009;59;0;59;54;0;54
AT31;40826;St. Thomas;2009;19;1;20;14;1;15
AT31;40827;Schlüßlberg;2009;139;13;152;157;16;173
AT31;40828;Steegen;2009;35;0;35;29;0;29
AT31;40829;Taufkirchen an der Trattnach;2009;84;8;92;84;5;89
AT31;40830;Tollet;2009;57;3;60;38;1;39
AT31;40831;Waizenkirchen;2009;123;24;147;112;8;120
AT31;40832;Wallern an der Trattnach;2009;96;13;109;127;13;140
AT31;40833;Weibern;2009;44;7;51;44;10;54
AT31;40834;Wendling;2009;10;5;15;21;5;26
AT31;40901;Edlbach;2009;28;10;38;40;3;43
AT31;40902;Grünburg;2009;161;19;180;182;22;204
AT31;40903;Hinterstoder;2009;30;10;40;35;6;41
AT31;40904;Inzersdorf im Kremstal;2009;95;9;104;89;6;95
AT31;40905;Kirchdorf an der Krems;2009;240;22;262;253;13;266
AT31;40906;Klaus an der Pyhrnbahn;2009;60;10;70;64;21;85
AT31;40907;Kremsmünster;2009;234;35;269;235;20;255
AT31;40908;Micheldorf in Oberösterreich;2009;274;22;296;280;25;305
AT31;40909;Molln;2009;125;8;133;130;8;138
AT31;40910;Nußbach;2009;83;7;90;92;13;105
AT31;40911;Oberschlierbach;2009;24;6;30;35;5;40
AT31;40912;Pettenbach;2009;157;26;183;193;20;213
AT31;40913;Ried im Traunkreis;2009;134;12;146;109;9;118
AT31;40914;Rosenau am Hengstpaß;2009;19;5;24;34;2;36
AT31;40915;Roßleithen;2009;100;9;109;89;6;95
AT31;40916;St. Pankraz;2009;20;9;29;26;7;33
AT31;40917;Schlierbach;2009;93;17;110;136;22;158
AT31;40918;Spital am Pyhrn;2009;63;9;72;81;11;92
AT31;40919;Steinbach am Ziehberg;2009;17;1;18;16;2;18
AT31;40920;Steinbach an der Steyr;2009;35;5;40;68;4;72
AT31;40921;Vorderstoder;2009;25;4;29;23;1;24
AT31;40922;Wartberg an der Krems;2009;119;13;132;98;2;100
AT31;40923;Windischgarsten;2009;104;23;127;115;10;125
AT31;41001;Allhaming;2009;69;5;74;49;4;53
AT31;41002;Ansfelden;2009;823;211;1034;913;150;1063
AT31;41003;Asten;2009;339;64;403;425;52;477
AT31;41004;Eggendorf im Traunkreis;2009;29;1;30;32;2;34
AT31;41005;Enns;2009;524;90;614;561;78;639
AT31;41006;Hargelsberg;2009;49;7;56;39;3;42
AT31;41007;Hörsching;2009;360;49;409;323;37;360
AT31;41008;Hofkirchen im Traunkreis;2009;102;3;105;60;1;61
AT31;41009;Kematen an der Krems;2009;156;33;189;137;18;155
AT31;41010;Kirchberg-Thening;2009;84;12;96;97;9;106
AT31;41011;Kronstorf;2009;122;19;141;153;8;161
AT31;41012;Leonding;2009;1853;226;2079;1361;148;1509
AT31;41013;St. Florian;2009;278;6;284;194;16;210
AT31;41014;Neuhofen an der Krems;2009;260;18;278;266;27;293
AT31;41015;Niederneukirchen;2009;93;2;95;71;4;75
AT31;41016;Oftering;2009;74;22;96;71;12;83
AT31;41017;Pasching;2009;378;57;435;386;51;437
AT31;41018;Piberbach;2009;94;8;102;86;3;89
AT31;41019;Pucking;2009;142;14;156;174;9;183
AT31;41020;St. Marien;2009;209;12;221;163;8;171
AT31;41021;Traun;2009;1280;328;1608;1381;273;1654
AT31;41022;Wilhering;2009;215;68;283;239;52;291
AT31;41101;Allerheiligen im Mühlkreis;2009;48;3;51;32;4;36
AT31;41102;Arbing;2009;40;1;41;46;2;48
AT31;41103;Baumgartenberg;2009;61;7;68;44;8;52
AT31;41104;Dimbach;2009;33;2;35;34;3;37
AT31;41105;Grein;2009;91;15;106;121;10;131
AT31;41106;Katsdorf;2009;128;3;131;112;3;115
AT31;41107;Klam;2009;43;4;47;16;3;19
AT31;41108;Bad Kreuzen;2009;424;195;619;481;160;641
AT31;41109;Langenstein;2009;98;12;110;157;9;166
AT31;41110;Luftenberg an der Donau;2009;185;13;198;178;14;192
AT31;41111;Mauthausen;2009;288;49;337;237;42;279
AT31;41112;Mitterkirchen im Machland;2009;54;2;56;48;8;56
AT31;41113;Münzbach;2009;26;17;43;47;7;54
AT31;41114;Naarn im Machlande;2009;124;19;143;131;9;140
AT31;41115;Pabneukirchen;2009;37;1;38;49;1;50
AT31;41116;Perg;2009;351;42;393;279;46;325
AT31;41117;Rechberg;2009;21;4;25;31;4;35
AT31;41118;Ried in der Riedmark;2009;141;8;149;135;7;142
AT31;41119;St. Georgen am Walde;2009;34;0;34;50;3;53
AT31;41120;St. Georgen an der Gusen;2009;130;7;137;172;12;184
AT31;41121;St. Nikola an der Donau;2009;68;23;91;96;8;104
AT31;41122;St. Thomas am Blasenstein;2009;21;6;27;8;1;9
AT31;41123;Saxen;2009;38;0;38;50;3;53
AT31;41124;Schwertberg;2009;193;33;226;275;16;291
AT31;41125;Waldhausen im Strudengau;2009;64;17;81;102;5;107
AT31;41126;Windhaag bei Perg;2009;55;4;59;73;4;77
AT31;41201;Andrichsfurt;2009;21;5;26;30;2;32
AT31;41202;Antiesenhofen;2009;32;1;33;51;6;57
AT31;41203;Aurolzmünster;2009;135;11;146;143;9;152
AT31;41204;Eberschwang;2009;80;2;82;86;4;90
AT31;41205;Eitzing;2009;40;8;48;54;3;57
AT31;41206;Geiersberg;2009;18;0;18;17;1;18
AT31;41207;Geinberg;2009;59;16;75;75;21;96
AT31;41208;Gurten;2009;48;7;55;63;3;66
AT31;41209;Hohenzell;2009;63;6;69;59;5;64
AT31;41210;Kirchdorf am Inn;2009;24;4;28;16;0;16
AT31;41211;Kirchheim im Innkreis;2009;22;7;29;23;4;27
AT31;41212;Lambrechten;2009;33;8;41;19;5;24
AT31;41213;Lohnsburg am Kobernaußerwald;2009;59;3;62;71;9;80
AT31;41214;Mehrnbach;2009;151;10;161;108;7;115
AT31;41215;Mettmach;2009;67;14;81;101;24;125
AT31;41216;Mörschwang;2009;10;1;11;8;0;8
AT31;41217;Mühlheim am Inn;2009;26;5;31;28;2;30
AT31;41218;Neuhofen im Innkreis;2009;126;6;132;98;10;108
AT31;41219;Obernberg am Inn;2009;69;34;103;82;15;97
AT31;41220;Ort im Innkreis;2009;68;5;73;58;5;63
AT31;41221;Pattigham;2009;37;3;40;21;0;21
AT31;41222;Peterskirchen;2009;20;0;20;21;0;21
AT31;41223;Pramet;2009;32;10;42;26;2;28
AT31;41224;Reichersberg;2009;51;16;67;55;17;72
AT31;41225;Ried im Innkreis;2009;632;114;746;716;116;832
AT31;41226;St. Georgen bei Obernberg am Inn;2009;15;3;18;13;1;14
AT31;41227;St. Marienkirchen am Hausruck;2009;24;1;25;28;1;29
AT31;41228;St. Martin im Innkreis;2009;80;10;90;85;5;90
AT31;41229;Schildorn;2009;31;2;33;19;1;20
AT31;41230;Senftenbach;2009;21;1;22;30;3;33
AT31;41231;Taiskirchen im Innkreis;2009;77;24;101;77;15;92
AT31;41232;Tumeltsham;2009;42;6;48;43;10;53
AT31;41233;Utzenaich;2009;83;8;91;66;10;76
AT31;41234;Waldzell;2009;63;9;72;79;12;91
AT31;41235;Weilbach;2009;17;3;20;18;2;20
AT31;41236;Wippenham;2009;20;1;21;31;0;31
AT31;41301;Afiesl;2009;14;0;14;18;2;20
AT31;41302;Ahorn;2009;3;1;4;9;2;11
AT31;41304;Altenfelden;2009;46;4;50;57;1;58
AT31;41305;Arnreit;2009;30;0;30;30;1;31
AT31;41306;Atzesberg;2009;8;1;9;15;4;19
AT31;41307;Auberg;2009;29;1;30;15;2;17
AT31;41309;Haslach an der Mühl;2009;91;9;100;101;4;105
AT31;41310;Helfenberg;2009;23;2;25;34;2;36
AT31;41311;Hörbich;2009;2;0;2;12;0;12
AT31;41312;Hofkirchen im Mühlkreis;2009;33;1;34;58;1;59
AT31;41313;Julbach;2009;35;6;41;27;3;30
AT31;41314;Kirchberg ob der Donau;2009;34;3;37;34;1;35
AT31;41315;Klaffer am Hochficht;2009;51;1;52;49;4;53
AT31;41316;Kleinzell im Mühlkreis;2009;58;2;60;34;3;37
AT31;41317;Kollerschlag;2009;16;1;17;31;9;40
AT31;41318;Lembach im Mühlkreis;2009;64;8;72;67;6;73
AT31;41319;Lichtenau im Mühlkreis;2009;6;4;10;19;0;19
AT31;41320;Nebelberg;2009;4;0;4;7;0;7
AT31;41321;Neufelden;2009;67;16;83;90;19;109
AT31;41322;Niederkappel;2009;13;1;14;46;5;51
AT31;41323;Niederwaldkirchen;2009;56;5;61;43;10;53
AT31;41324;Oberkappel;2009;51;16;67;75;11;86
AT31;41325;Oepping;2009;35;4;39;66;0;66
AT31;41326;Peilstein im Mühlviertel;2009;25;1;26;40;1;41
AT31;41327;Pfarrkirchen im Mühlkreis;2009;29;11;40;52;8;60
AT31;41328;Putzleinsdorf;2009;49;6;55;83;11;94
AT31;41329;Neustift im Mühlkreis;2009;18;11;29;30;4;34
AT31;41331;St. Johann am Wimberg;2009;25;0;25;26;0;26
AT31;41332;St. Martin im Mühlkreis;2009;119;8;127;121;10;131
AT31;41333;St. Oswald bei Haslach;2009;17;0;17;26;1;27
AT31;41334;St. Peter am Wimberg;2009;30;3;33;62;0;62
AT31;41335;St. Stefan am Walde;2009;35;2;37;29;2;31
AT31;41336;St. Ulrich im Mühlkreis;2009;30;1;31;28;1;29
AT31;41337;St. Veit im Mühlkreis;2009;33;2;35;29;2;31
AT31;41338;Sarleinsbach;2009;51;6;57;58;1;59
AT31;41340;Schönegg;2009;13;0;13;22;1;23
AT31;41341;Schwarzenberg am Böhmerwald;2009;14;3;17;24;9;33
AT31;41342;Ulrichsberg;2009;94;8;102;82;7;89
AT31;41343;Aigen-Schlägl;2009;81;18;99;102;14;116
AT31;41344;Rohrbach-Berg;2009;147;13;160;195;15;210
AT31;41401;Altschwendt;2009;12;2;14;15;0;15
AT31;41402;Andorf;2009;164;20;184;139;16;155
AT31;41403;Brunnenthal;2009;98;18;116;110;10;120
AT31;41404;Diersbach;2009;40;2;42;39;9;48
AT31;41405;Dorf an der Pram;2009;40;7;47;37;7;44
AT31;41406;Eggerding;2009;14;8;22;47;3;50
AT31;41407;Engelhartszell;2009;30;5;35;38;9;47
AT31;41408;Enzenkirchen;2009;38;4;42;32;2;34
AT31;41409;Esternberg;2009;114;10;124;68;10;78
AT31;41410;Freinberg;2009;27;37;64;51;27;78
AT31;41411;Kopfing im Innkreis;2009;28;5;33;45;12;57
AT31;41412;Mayrhof;2009;10;0;10;13;1;14
AT31;41413;Münzkirchen;2009;53;6;59;71;4;75
AT31;41414;Raab;2009;96;11;107;104;10;114
AT31;41415;Rainbach im Innkreis;2009;55;4;59;60;4;64
AT31;41416;Riedau;2009;71;4;75;99;4;103
AT31;41417;St. Aegidi;2009;23;6;29;30;1;31
AT31;41418;St. Florian am Inn;2009;153;33;186;178;17;195
AT31;41419;St. Marienkirchen bei Schärding;2009;49;11;60;96;6;102
AT31;41420;St. Roman;2009;30;5;35;35;9;44
AT31;41421;St. Willibald;2009;33;3;36;39;3;42
AT31;41422;Schärding;2009;318;88;406;281;72;353
AT31;41423;Schardenberg;2009;38;31;69;70;28;98
AT31;41424;Sigharting;2009;18;13;31;24;3;27
AT31;41425;Suben;2009;149;41;190;137;77;214
AT31;41426;Taufkirchen an der Pram;2009;94;17;111;87;11;98
AT31;41427;Vichtenstein;2009;18;25;43;39;19;58
AT31;41428;Waldkirchen am Wesen;2009;23;3;26;37;4;41
AT31;41429;Wernstein am Inn;2009;30;5;35;57;9;66
AT31;41430;Zell an der Pram;2009;78;3;81;76;7;83
AT31;41501;Adlwang;2009;68;9;77;84;9;93
AT31;41502;Aschach an der Steyr;2009;66;4;70;76;8;84
AT31;41503;Bad Hall;2009;250;19;269;206;18;224
AT31;41504;Dietach;2009;166;5;171;125;19;144
AT31;41505;Gaflenz;2009;51;9;60;46;9;55
AT31;41506;Garsten;2009;345;37;382;372;42;414
AT31;41507;Großraming;2009;64;3;67;91;8;99
AT31;41508;Laussa;2009;14;4;18;48;1;49
AT31;41509;Losenstein;2009;61;5;66;74;5;79
AT31;41510;Maria Neustift;2009;29;1;30;30;2;32
AT31;41511;Pfarrkirchen bei Bad Hall;2009;76;7;83;102;3;105
AT31;41512;Reichraming;2009;55;3;58;49;2;51
AT31;41513;Rohr im Kremstal;2009;65;5;70;74;5;79
AT31;41514;St. Ulrich bei Steyr;2009;101;12;113;109;10;119
AT31;41515;Schiedlberg;2009;48;31;79;41;29;70
AT31;41516;Sierning;2009;404;56;460;340;47;387
AT31;41517;Ternberg;2009;114;12;126;149;8;157
AT31;41518;Waldneukirchen;2009;69;20;89;77;14;91
AT31;41521;Wolfern;2009;136;9;145;115;6;121
AT31;41522;Weyer;2009;119;20;139;142;34;176
AT31;41601;Alberndorf in der Riedmark;2009;127;5;132;126;3;129
AT31;41602;Altenberg bei Linz;2009;159;17;176;171;8;179
AT31;41603;Bad Leonfelden;2009;151;16;167;101;9;110
AT31;41604;Eidenberg;2009;65;3;68;53;5;58
AT31;41605;Engerwitzdorf;2009;381;26;407;318;30;348
AT31;41606;Feldkirchen an der Donau;2009;157;12;169;152;16;168
AT31;41607;Gallneukirchen;2009;271;26;297;335;17;352
AT31;41608;Goldwörth;2009;38;6;44;27;0;27
AT31;41609;Gramastetten;2009;173;21;194;184;13;197
AT31;41610;Haibach im Mühlkreis;2009;23;1;24;26;5;31
AT31;41611;Hellmonsödt;2009;84;8;92;93;5;98
AT31;41612;Herzogsdorf;2009;64;6;70;70;3;73
AT31;41613;Kirchschlag bei Linz;2009;86;10;96;100;10;110
AT31;41614;Lichtenberg;2009;66;11;77;106;9;115
AT31;41615;Oberneukirchen;2009;103;8;111;104;10;114
AT31;41616;Ottenschlag im Mühlkreis;2009;13;3;16;8;0;8
AT31;41617;Ottensheim;2009;161;34;195;213;18;231
AT31;41618;Puchenau;2009;175;24;199;226;15;241
AT31;41619;Reichenau im Mühlkreis;2009;52;2;54;43;1;44
AT31;41620;Reichenthal;2009;29;2;31;43;3;46
AT31;41621;St. Gotthard im Mühlkreis;2009;49;4;53;67;1;68
AT31;41622;Schenkenfelden;2009;35;0;35;42;6;48
AT31;41623;Sonnberg im Mühlkreis;2009;48;1;49;22;1;23
AT31;41624;Steyregg;2009;323;35;358;255;28;283
AT31;41625;Vorderweißenbach;2009;40;7;47;49;7;56
AT31;41626;Walding;2009;209;15;224;187;16;203
AT31;41627;Zwettl an der Rodl;2009;58;7;65;63;2;65
AT31;41701;Ampflwang im Hausruckwald;2009;79;30;109;152;34;186
AT31;41702;Attersee am Attersee;2009;90;11;101;93;13;106
AT31;41703;Attnang-Puchheim;2009;561;75;636;514;66;580
AT31;41704;Atzbach;2009;14;3;17;35;2;37
AT31;41705;Aurach am Hongar;2009;53;2;55;42;2;44
AT31;41706;Berg im Attergau;2009;23;3;26;33;5;38
AT31;41707;Desselbrunn;2009;89;4;93;69;2;71
AT31;41708;Fornach;2009;14;2;16;20;0;20
AT31;41709;Frankenburg am Hausruck;2009;126;13;139;147;9;156
AT31;41710;Frankenmarkt;2009;176;20;196;176;14;190
AT31;41711;Gampern;2009;98;9;107;73;3;76
AT31;41712;Innerschwand am Mondsee;2009;49;6;55;35;1;36
AT31;41713;Lenzing;2009;234;38;272;305;40;345
AT31;41714;Manning;2009;33;2;35;28;1;29
AT31;41715;Mondsee;2009;202;39;241;216;50;266
AT31;41716;Neukirchen an der Vöckla;2009;105;7;112;87;3;90
AT31;41717;Niederthalheim;2009;17;1;18;27;0;27
AT31;41718;Nußdorf am Attersee;2009;46;15;61;46;5;51
AT31;41719;Oberhofen am Irrsee;2009;71;7;78;71;8;79
AT31;41720;Oberndorf bei Schwanenstadt;2009;43;3;46;55;1;56
AT31;41721;Oberwang;2009;25;4;29;26;2;28
AT31;41722;Ottnang am Hausruck;2009;155;17;172;160;15;175
AT31;41723;Pfaffing;2009;58;7;65;38;4;42
AT31;41724;Pilsbach;2009;18;0;18;16;0;16
AT31;41725;Pitzenberg;2009;18;0;18;39;2;41
AT31;41726;Pöndorf;2009;73;11;84;89;10;99
AT31;41727;Puchkirchen am Trattberg;2009;47;3;50;38;1;39
AT31;41728;Pühret;2009;12;0;12;10;0;10
AT31;41729;Redleiten;2009;24;1;25;21;0;21
AT31;41730;Redlham;2009;81;5;86;79;15;94
AT31;41731;Regau;2009;345;20;365;292;12;304
AT31;41732;Rüstorf;2009;123;4;127;104;7;111
AT31;41733;Rutzenham;2009;7;0;7;5;0;5
AT31;41734;St. Georgen im Attergau;2009;394;985;1379;1319;92;1411
AT31;41735;St. Lorenz;2009;103;43;146;115;26;141
AT31;41736;Schlatt;2009;53;9;62;76;4;80
AT31;41737;Schörfling am Attersee;2009;204;24;228;184;26;210
AT31;41738;Schwanenstadt;2009;272;37;309;281;40;321
AT31;41739;Seewalchen am Attersee;2009;256;21;277;226;20;246
AT31;41740;Steinbach am Attersee;2009;27;15;42;45;17;62
AT31;41741;Straß im Attergau;2009;46;13;59;86;16;102
AT31;41742;Tiefgraben;2009;191;34;225;159;25;184
AT31;41743;Timelkam;2009;473;61;534;451;154;605
AT31;41744;Ungenach;2009;39;3;42;50;4;54
AT31;41745;Unterach am Attersee;2009;45;16;61;59;23;82
AT31;41746;Vöcklabruck;2009;676;122;798;668;97;765
AT31;41747;Vöcklamarkt;2009;205;23;228;192;13;205
AT31;41748;Weißenkirchen im Attergau;2009;23;3;26;28;0;28
AT31;41749;Weyregg am Attersee;2009;47;6;53;56;11;67
AT31;41750;Wolfsegg am Hausruck;2009;87;15;102;104;1;105
AT31;41751;Zell am Moos;2009;48;19;67;79;5;84
AT31;41752;Zell am Pettenfirst;2009;42;8;50;46;9;55
AT31;41801;Aichkirchen;2009;13;5;18;21;0;21
AT31;41802;Bachmanning;2009;39;4;43;38;2;40
AT31;41803;Bad Wimsbach-Neydharting;2009;105;9;114;104;9;113
AT31;41804;Buchkirchen;2009;196;116;312;160;90;250
AT31;41805;Eberstalzell;2009;103;8;111;75;4;79
AT31;41806;Edt bei Lambach;2009;103;9;112;132;14;146
AT31;41807;Fischlham;2009;60;0;60;49;1;50
AT31;41808;Gunskirchen;2009;243;35;278;167;25;192
AT31;41809;Holzhausen;2009;75;9;84;45;5;50
AT31;41810;Krenglbach;2009;110;23;133;107;30;137
AT31;41811;Lambach;2009;216;42;258;244;38;282
AT31;41812;Marchtrenk;2009;644;110;754;599;136;735
AT31;41813;Neukirchen bei Lambach;2009;33;2;35;20;0;20
AT31;41814;Offenhausen;2009;74;2;76;65;9;74
AT31;41815;Pennewang;2009;28;1;29;33;0;33
AT31;41816;Pichl bei Wels;2009;103;29;132;120;17;137
AT31;41817;Sattledt;2009;96;8;104;108;10;118
AT31;41818;Schleißheim;2009;94;2;96;56;5;61
AT31;41819;Sipbachzell;2009;65;7;72;64;2;66
AT31;41820;Stadl-Paura;2009;249;50;299;324;45;369
AT31;41821;Steinerkirchen an der Traun;2009;87;15;102;86;15;101
AT31;41822;Steinhaus;2009;70;5;75;74;7;81
AT31;41823;Thalheim bei Wels;2009;362;78;440;362;33;395
AT31;41824;Weißkirchen an der Traun;2009;161;40;201;183;17;200
AT31;40101;Linz;2008;7580;2749;10329;7835;2232;10067
AT31;40201;Steyr;2008;1443;523;1966;1772;413;2185
AT31;40301;Wels;2008;2540;769;3309;2703;661;3364
AT31;40401;Altheim;2008;168;29;197;188;24;212
AT31;40402;Aspach;2008;104;15;119;68;14;82
AT31;40403;Auerbach;2008;22;8;30;31;3;34
AT31;40404;Braunau am Inn;2008;581;259;840;615;169;784
AT31;40405;Burgkirchen;2008;125;32;157;139;21;160
AT31;40406;Eggelsberg;2008;101;29;130;81;21;102
AT31;40407;Feldkirchen bei Mattighofen;2008;45;12;57;52;9;61
AT31;40408;Franking;2008;38;3;41;40;5;45
AT31;40409;Geretsberg;2008;50;16;66;65;16;81
AT31;40410;Gilgenberg am Weilhart;2008;38;6;44;29;4;33
AT31;40411;Haigermoos;2008;29;6;35;16;5;21
AT31;40412;Handenberg;2008;51;12;63;59;9;68
AT31;40413;Helpfau-Uttendorf;2008;185;47;232;188;25;213
AT31;40414;Hochburg-Ach;2008;35;56;91;53;27;80
AT31;40415;Höhnhart;2008;40;4;44;48;5;53
AT31;40416;Jeging;2008;28;4;32;35;4;39
AT31;40417;Kirchberg bei Mattighofen;2008;44;4;48;43;2;45
AT31;40418;Lengau;2008;166;32;198;151;26;177
AT31;40419;Lochen am See;2008;112;3;115;88;6;94
AT31;40420;Maria Schmolln;2008;50;3;53;24;3;27
AT31;40421;Mattighofen;2008;363;90;453;283;62;345
AT31;40422;Mauerkirchen;2008;152;30;182;150;26;176
AT31;40423;Mining;2008;23;4;27;26;1;27
AT31;40424;Moosbach;2008;42;14;56;25;8;33
AT31;40425;Moosdorf;2008;73;10;83;69;5;74
AT31;40426;Munderfing;2008;152;32;184;147;6;153
AT31;40427;Neukirchen an der Enknach;2008;73;7;80;81;6;87
AT31;40428;Ostermiething;2008;143;26;169;123;32;155
AT31;40429;Palting;2008;44;4;48;37;3;40
AT31;40430;Perwang am Grabensee;2008;57;1;58;24;1;25
AT31;40431;Pfaffstätt;2008;53;13;66;49;9;58
AT31;40432;Pischelsdorf am Engelbach;2008;64;25;89;71;12;83
AT31;40433;Polling im Innkreis;2008;42;4;46;21;3;24
AT31;40434;Roßbach;2008;29;3;32;32;3;35
AT31;40435;St. Georgen am Fillmannsbach;2008;15;5;20;14;1;15
AT31;40436;St. Johann am Walde;2008;48;16;64;41;5;46
AT31;40437;St. Pantaleon;2008;132;33;165;158;19;177
AT31;40438;St. Peter am Hart;2008;102;52;154;117;42;159
AT31;40439;St. Radegund;2008;5;3;8;5;0;5
AT31;40440;St. Veit im Innkreis;2008;16;3;19;7;0;7
AT31;40441;Schalchen;2008;169;27;196;177;14;191
AT31;40442;Schwand im Innkreis;2008;29;1;30;19;3;22
AT31;40443;Tarsdorf;2008;40;9;49;50;9;59
AT31;40444;Treubach;2008;17;3;20;29;2;31
AT31;40445;Überackern;2008;19;38;57;21;11;32
AT31;40446;Weng im Innkreis;2008;43;4;47;49;7;56
AT31;40501;Alkoven;2008;181;33;214;152;24;176
AT31;40502;Aschach an der Donau;2008;83;16;99;95;11;106
AT31;40503;Eferding;2008;256;20;276;179;18;197
AT31;40504;Fraham;2008;80;9;89;85;4;89
AT31;40505;Haibach ob der Donau;2008;20;15;35;29;5;34
AT31;40506;Hartkirchen;2008;88;14;102;128;7;135
AT31;40507;Hinzenbach;2008;63;11;74;70;10;80
AT31;40508;Prambachkirchen;2008;87;6;93;107;6;113
AT31;40509;Pupping;2008;95;5;100;86;5;91
AT31;40510;St. Marienkirchen an der Polsenz;2008;42;9;51;66;6;72
AT31;40511;Scharten;2008;150;13;163;142;14;156
AT31;40512;Stroheim;2008;52;2;54;35;2;37
AT31;40601;Freistadt;2008;335;43;378;355;30;385
AT31;40602;Grünbach;2008;57;8;65;47;3;50
AT31;40603;Gutau;2008;96;11;107;84;7;91
AT31;40604;Hagenberg im Mühlkreis;2008;89;10;99;98;2;100
AT31;40605;Hirschbach im Mühlkreis;2008;30;5;35;31;0;31
AT31;40606;Kaltenberg;2008;7;0;7;8;0;8
AT31;40607;Kefermarkt;2008;59;2;61;74;3;77
AT31;40608;Königswiesen;2008;69;12;81;92;11;103
AT31;40609;Lasberg;2008;99;5;104;101;3;104
AT31;40610;Leopoldschlag;2008;25;2;27;29;0;29
AT31;40611;Liebenau;2008;41;2;43;43;2;45
AT31;40612;Neumarkt im Mühlkreis;2008;76;4;80;104;10;114
AT31;40613;Pierbach;2008;30;6;36;41;3;44
AT31;40614;Pregarten;2008;162;16;178;143;14;157
AT31;40615;Rainbach im Mühlkreis;2008;98;9;107;98;12;110
AT31;40616;Sandl;2008;37;4;41;48;7;55
AT31;40617;St. Leonhard bei Freistadt;2008;24;7;31;35;6;41
AT31;40618;St. Oswald bei Freistadt;2008;108;11;119;91;6;97
AT31;40619;Schönau im Mühlkreis;2008;30;2;32;54;7;61
AT31;40620;Tragwein;2008;83;5;88;103;3;106
AT31;40621;Unterweißenbach;2008;95;2;97;59;1;60
AT31;40622;Unterweitersdorf;2008;48;3;51;61;4;65
AT31;40623;Waldburg;2008;41;2;43;40;1;41
AT31;40624;Wartberg ob der Aist;2008;198;21;219;117;23;140
AT31;40625;Weitersfelden;2008;22;2;24;35;1;36
AT31;40626;Windhaag bei Freistadt;2008;46;14;60;72;3;75
AT31;40627;Bad Zell;2008;78;14;92;100;13;113
AT31;40701;Altmünster;2008;395;61;456;384;52;436
AT31;40702;Bad Goisern am Hallstättersee;2008;175;36;211;221;45;266
AT31;40703;Bad Ischl;2008;564;125;689;495;97;592
AT31;40704;Ebensee;2008;183;111;294;231;74;305
AT31;40705;Gmunden;2008;739;144;883;724;96;820
AT31;40706;Gosau;2008;54;26;80;53;37;90
AT31;40707;Grünau im Almtal;2008;53;8;61;67;18;85
AT31;40708;Gschwandt;2008;137;10;147;103;7;110
AT31;40709;Hallstatt;2008;44;11;55;48;12;60
AT31;40710;Kirchham;2008;57;7;64;58;5;63
AT31;40711;Laakirchen;2008;295;66;361;333;29;362
AT31;40712;Obertraun;2008;15;10;25;28;4;32
AT31;40713;Ohlsdorf;2008;179;13;192;173;18;191
AT31;40714;Pinsdorf;2008;150;33;183;204;23;227
AT31;40715;Roitham;2008;47;4;51;73;4;77
AT31;40716;St. Konrad;2008;30;12;42;34;13;47
AT31;40717;St. Wolfgang im Salzkammergut;2008;88;38;126;93;17;110
AT31;40718;Traunkirchen;2008;66;8;74;87;7;94
AT31;40719;Scharnstein;2008;136;25;161;132;19;151
AT31;40720;Vorchdorf;2008;234;36;270;236;36;272
AT31;40801;Aistersheim;2008;23;11;34;28;1;29
AT31;40802;Bad Schallerbach;2008;258;40;298;199;29;228
AT31;40803;Bruck-Waasen;2008;76;10;86;96;9;105
AT31;40804;Eschenau im Hausruckkreis;2008;19;1;20;37;0;37
AT31;40805;Gallspach;2008;218;35;253;207;21;228
AT31;40806;Gaspoltshofen;2008;142;25;167;154;12;166
AT31;40807;Geboltskirchen;2008;73;8;81;53;4;57
AT31;40808;Grieskirchen;2008;235;39;274;248;21;269
AT31;40809;Haag am Hausruck;2008;109;19;128;95;10;105
AT31;40810;Heiligenberg;2008;8;2;10;18;0;18
AT31;40811;Hofkirchen an der Trattnach;2008;75;11;86;72;3;75
AT31;40812;Kallham;2008;82;10;92;96;2;98
AT31;40813;Kematen am Innbach;2008;58;1;59;72;8;80
AT31;40814;Meggenhofen;2008;71;7;78;45;5;50
AT31;40815;Michaelnbach;2008;42;0;42;41;0;41
AT31;40816;Natternbach;2008;51;2;53;59;1;60
AT31;40817;Neukirchen am Walde;2008;40;6;46;36;5;41
AT31;40818;Neumarkt im Hausruckkreis;2008;52;23;75;97;12;109
AT31;40819;Peuerbach;2008;115;17;132;87;16;103
AT31;40820;Pötting;2008;22;5;27;15;1;16
AT31;40821;Pollham;2008;20;3;23;31;3;34
AT31;40822;Pram;2008;90;9;99;58;18;76
AT31;40823;Rottenbach;2008;36;4;40;40;0;40
AT31;40824;St. Agatha;2008;30;4;34;55;1;56
AT31;40825;St. Georgen bei Grieskirchen;2008;36;0;36;55;9;64
AT31;40826;St. Thomas;2008;6;0;6;13;0;13
AT31;40827;Schlüßlberg;2008;156;16;172;177;16;193
AT31;40828;Steegen;2008;15;1;16;35;0;35
AT31;40829;Taufkirchen an der Trattnach;2008;65;3;68;86;11;97
AT31;40830;Tollet;2008;58;0;58;44;0;44
AT31;40831;Waizenkirchen;2008;137;12;149;92;7;99
AT31;40832;Wallern an der Trattnach;2008;115;13;128;135;10;145
AT31;40833;Weibern;2008;54;10;64;56;6;62
AT31;40834;Wendling;2008;15;7;22;24;7;31
AT31;40901;Edlbach;2008;25;3;28;38;4;42
AT31;40902;Grünburg;2008;140;24;164;138;20;158
AT31;40903;Hinterstoder;2008;31;4;35;37;5;42
AT31;40904;Inzersdorf im Kremstal;2008;90;10;100;70;4;74
AT31;40905;Kirchdorf an der Krems;2008;241;13;254;284;12;296
AT31;40906;Klaus an der Pyhrnbahn;2008;56;15;71;73;6;79
AT31;40907;Kremsmünster;2008;261;29;290;228;24;252
AT31;40908;Micheldorf in Oberösterreich;2008;306;33;339;306;28;334
AT31;40909;Molln;2008;109;19;128;130;15;145
AT31;40910;Nußbach;2008;98;13;111;95;7;102
AT31;40911;Oberschlierbach;2008;23;8;31;24;2;26
AT31;40912;Pettenbach;2008;215;19;234;186;18;204
AT31;40913;Ried im Traunkreis;2008;156;17;173;97;4;101
AT31;40914;Rosenau am Hengstpaß;2008;27;8;35;26;0;26
AT31;40915;Roßleithen;2008;65;8;73;77;4;81
AT31;40916;St. Pankraz;2008;28;11;39;29;4;33
AT31;40917;Schlierbach;2008;139;16;155;127;11;138
AT31;40918;Spital am Pyhrn;2008;93;20;113;98;9;107
AT31;40919;Steinbach am Ziehberg;2008;15;1;16;23;0;23
AT31;40920;Steinbach an der Steyr;2008;52;5;57;41;3;44
AT31;40921;Vorderstoder;2008;27;3;30;27;0;27
AT31;40922;Wartberg an der Krems;2008;104;12;116;126;6;132
AT31;40923;Windischgarsten;2008;109;23;132;93;14;107
AT31;41001;Allhaming;2008;42;0;42;58;0;58
AT31;41002;Ansfelden;2008;983;186;1169;1071;147;1218
AT31;41003;Asten;2008;383;74;457;484;40;524
AT31;41004;Eggendorf im Traunkreis;2008;37;1;38;24;6;30
AT31;41005;Enns;2008;622;129;751;617;84;701
AT31;41006;Hargelsberg;2008;53;6;59;48;4;52
AT31;41007;Hörsching;2008;435;49;484;305;28;333
AT31;41008;Hofkirchen im Traunkreis;2008;94;3;97;69;5;74
AT31;41009;Kematen an der Krems;2008;146;29;175;109;10;119
AT31;41010;Kirchberg-Thening;2008;91;18;109;94;23;117
AT31;41011;Kronstorf;2008;142;20;162;126;15;141
AT31;41012;Leonding;2008;1603;221;1824;1415;150;1565
AT31;41013;St. Florian;2008;254;13;267;204;11;215
AT31;41014;Neuhofen an der Krems;2008;338;33;371;272;33;305
AT31;41015;Niederneukirchen;2008;75;4;79;101;10;111
AT31;41016;Oftering;2008;78;13;91;69;7;76
AT31;41017;Pasching;2008;452;71;523;399;60;459
AT31;41018;Piberbach;2008;77;6;83;106;1;107
AT31;41019;Pucking;2008;193;13;206;173;16;189
AT31;41020;St. Marien;2008;210;17;227;182;4;186
AT31;41021;Traun;2008;1280;324;1604;1337;246;1583
AT31;41022;Wilhering;2008;272;67;339;216;56;272
AT31;41101;Allerheiligen im Mühlkreis;2008;47;1;48;48;0;48
AT31;41102;Arbing;2008;60;3;63;46;5;51
AT31;41103;Baumgartenberg;2008;55;2;57;83;9;92
AT31;41104;Dimbach;2008;14;4;18;24;3;27
AT31;41105;Grein;2008;144;16;160;111;6;117
AT31;41106;Katsdorf;2008;139;5;144;112;4;116
AT31;41107;Klam;2008;35;5;40;19;2;21
AT31;41108;Bad Kreuzen;2008;468;369;837;821;62;883
AT31;41109;Langenstein;2008;83;14;97;156;20;176
AT31;41110;Luftenberg an der Donau;2008;217;25;242;178;14;192
AT31;41111;Mauthausen;2008;222;53;275;242;36;278
AT31;41112;Mitterkirchen im Machland;2008;67;4;71;64;2;66
AT31;41113;Münzbach;2008;39;27;66;59;13;72
AT31;41114;Naarn im Machlande;2008;150;22;172;140;4;144
AT31;41115;Pabneukirchen;2008;18;0;18;47;6;53
AT31;41116;Perg;2008;371;60;431;353;52;405
AT31;41117;Rechberg;2008;32;9;41;35;1;36
AT31;41118;Ried in der Riedmark;2008;150;10;160;163;6;169
AT31;41119;St. Georgen am Walde;2008;50;5;55;43;2;45
AT31;41120;St. Georgen an der Gusen;2008;177;12;189;146;2;148
AT31;41121;St. Nikola an der Donau;2008;53;16;69;100;17;117
AT31;41122;St. Thomas am Blasenstein;2008;24;10;34;16;2;18
AT31;41123;Saxen;2008;48;3;51;56;1;57
AT31;41124;Schwertberg;2008;196;37;233;266;21;287
AT31;41125;Waldhausen im Strudengau;2008;83;10;93;107;5;112
AT31;41126;Windhaag bei Perg;2008;48;5;53;78;3;81
AT31;41201;Andrichsfurt;2008;13;2;15;19;0;19
AT31;41202;Antiesenhofen;2008;39;8;47;38;5;43
AT31;41203;Aurolzmünster;2008;107;14;121;150;13;163
AT31;41204;Eberschwang;2008;75;20;95;97;7;104
AT31;41205;Eitzing;2008;21;6;27;35;10;45
AT31;41206;Geiersberg;2008;11;1;12;15;1;16
AT31;41207;Geinberg;2008;57;15;72;64;10;74
AT31;41208;Gurten;2008;43;14;57;47;1;48
AT31;41209;Hohenzell;2008;82;9;91;84;2;86
AT31;41210;Kirchdorf am Inn;2008;17;1;18;21;4;25
AT31;41211;Kirchheim im Innkreis;2008;39;3;42;17;1;18
AT31;41212;Lambrechten;2008;21;7;28;44;6;50
AT31;41213;Lohnsburg am Kobernaußerwald;2008;64;14;78;81;8;89
AT31;41214;Mehrnbach;2008;111;9;120;99;12;111
AT31;41215;Mettmach;2008;55;30;85;70;5;75
AT31;41216;Mörschwang;2008;15;2;17;7;1;8
AT31;41217;Mühlheim am Inn;2008;24;1;25;34;1;35
AT31;41218;Neuhofen im Innkreis;2008;148;10;158;102;9;111
AT31;41219;Obernberg am Inn;2008;114;29;143;87;35;122
AT31;41220;Ort im Innkreis;2008;44;25;69;72;26;98
AT31;41221;Pattigham;2008;40;2;42;31;3;34
AT31;41222;Peterskirchen;2008;17;0;17;23;0;23
AT31;41223;Pramet;2008;32;1;33;41;6;47
AT31;41224;Reichersberg;2008;55;20;75;47;5;52
AT31;41225;Ried im Innkreis;2008;751;113;864;787;117;904
AT31;41226;St. Georgen bei Obernberg am Inn;2008;11;1;12;24;2;26
AT31;41227;St. Marienkirchen am Hausruck;2008;35;0;35;29;1;30
AT31;41228;St. Martin im Innkreis;2008;113;11;124;88;7;95
AT31;41229;Schildorn;2008;54;1;55;32;1;33
AT31;41230;Senftenbach;2008;25;8;33;24;0;24
AT31;41231;Taiskirchen im Innkreis;2008;45;28;73;76;23;99
AT31;41232;Tumeltsham;2008;43;15;58;83;11;94
AT31;41233;Utzenaich;2008;79;3;82;69;4;73
AT31;41234;Waldzell;2008;70;15;85;75;2;77
AT31;41235;Weilbach;2008;13;4;17;21;0;21
AT31;41236;Wippenham;2008;26;1;27;29;0;29
AT31;41301;Afiesl;2008;9;1;10;10;2;12
AT31;41302;Ahorn;2008;18;2;20;12;0;12
AT31;41304;Altenfelden;2008;49;8;57;72;8;80
AT31;41305;Arnreit;2008;38;0;38;46;0;46
AT31;41306;Atzesberg;2008;12;2;14;17;2;19
AT31;41307;Auberg;2008;14;1;15;12;0;12
AT31;41309;Haslach an der Mühl;2008;98;15;113;98;7;105
AT31;41310;Helfenberg;2008;16;1;17;30;5;35
AT31;41311;Hörbich;2008;10;1;11;9;1;10
AT31;41312;Hofkirchen im Mühlkreis;2008;41;4;45;41;3;44
AT31;41313;Julbach;2008;29;2;31;45;1;46
AT31;41314;Kirchberg ob der Donau;2008;23;2;25;30;2;32
AT31;41315;Klaffer am Hochficht;2008;38;3;41;26;5;31
AT31;41316;Kleinzell im Mühlkreis;2008;56;3;59;36;4;40
AT31;41317;Kollerschlag;2008;20;10;30;21;3;24
AT31;41318;Lembach im Mühlkreis;2008;58;5;63;55;3;58
AT31;41319;Lichtenau im Mühlkreis;2008;9;0;9;24;3;27
AT31;41320;Nebelberg;2008;5;5;10;11;2;13
AT31;41321;Neufelden;2008;70;20;90;82;15;97
AT31;41322;Niederkappel;2008;13;1;14;16;2;18
AT31;41323;Niederwaldkirchen;2008;35;3;38;56;2;58
AT31;41324;Oberkappel;2008;33;16;49;59;1;60
AT31;41325;Oepping;2008;55;0;55;56;4;60
AT31;41326;Peilstein im Mühlviertel;2008;39;2;41;63;1;64
AT31;41327;Pfarrkirchen im Mühlkreis;2008;46;9;55;55;8;63
AT31;41328;Putzleinsdorf;2008;63;12;75;84;8;92
AT31;41329;Neustift im Mühlkreis;2008;27;4;31;49;5;54
AT31;41331;St. Johann am Wimberg;2008;29;0;29;25;0;25
AT31;41332;St. Martin im Mühlkreis;2008;95;7;102;110;13;123
AT31;41333;St. Oswald bei Haslach;2008;16;1;17;26;0;26
AT31;41334;St. Peter am Wimberg;2008;33;6;39;72;5;77
AT31;41335;St. Stefan am Walde;2008;10;1;11;30;2;32
AT31;41336;St. Ulrich im Mühlkreis;2008;11;0;11;14;0;14
AT31;41337;St. Veit im Mühlkreis;2008;37;2;39;46;8;54
AT31;41338;Sarleinsbach;2008;51;1;52;69;4;73
AT31;41340;Schönegg;2008;19;1;20;9;3;12
AT31;41341;Schwarzenberg am Böhmerwald;2008;7;4;11;9;5;14
AT31;41342;Ulrichsberg;2008;95;8;103;106;2;108
AT31;41343;Aigen-Schlägl;2008;121;16;137;79;9;88
AT31;41344;Rohrbach-Berg;2008;168;16;184;201;13;214
AT31;41401;Altschwendt;2008;15;2;17;16;1;17
AT31;41402;Andorf;2008;189;24;213;178;13;191
AT31;41403;Brunnenthal;2008;82;13;95;85;16;101
AT31;41404;Diersbach;2008;24;3;27;55;4;59
AT31;41405;Dorf an der Pram;2008;24;20;44;37;1;38
AT31;41406;Eggerding;2008;41;9;50;43;4;47
AT31;41407;Engelhartszell;2008;54;8;62;68;16;84
AT31;41408;Enzenkirchen;2008;35;5;40;52;2;54
AT31;41409;Esternberg;2008;112;13;125;60;16;76
AT31;41410;Freinberg;2008;25;49;74;37;29;66
AT31;41411;Kopfing im Innkreis;2008;52;10;62;54;11;65
AT31;41412;Mayrhof;2008;13;1;14;10;0;10
AT31;41413;Münzkirchen;2008;48;7;55;79;5;84
AT31;41414;Raab;2008;99;18;117;86;14;100
AT31;41415;Rainbach im Innkreis;2008;29;6;35;49;1;50
AT31;41416;Riedau;2008;78;4;82;120;1;121
AT31;41417;St. Aegidi;2008;28;8;36;28;1;29
AT31;41418;St. Florian am Inn;2008;153;15;168;144;15;159
AT31;41419;St. Marienkirchen bei Schärding;2008;46;17;63;77;11;88
AT31;41420;St. Roman;2008;24;8;32;32;5;37
AT31;41421;St. Willibald;2008;37;0;37;33;4;37
AT31;41422;Schärding;2008;259;76;335;293;61;354
AT31;41423;Schardenberg;2008;31;40;71;48;20;68
AT31;41424;Sigharting;2008;14;6;20;16;2;18
AT31;41425;Suben;2008;158;51;209;139;93;232
AT31;41426;Taufkirchen an der Pram;2008;102;7;109;99;5;104
AT31;41427;Vichtenstein;2008;46;42;88;67;26;93
AT31;41428;Waldkirchen am Wesen;2008;35;9;44;33;3;36
AT31;41429;Wernstein am Inn;2008;36;6;42;32;12;44
AT31;41430;Zell an der Pram;2008;108;6;114;54;8;62
AT31;41501;Adlwang;2008;52;8;60;63;4;67
AT31;41502;Aschach an der Steyr;2008;94;1;95;74;0;74
AT31;41503;Bad Hall;2008;295;34;329;244;30;274
AT31;41504;Dietach;2008;234;8;242;128;7;135
AT31;41505;Gaflenz;2008;43;12;55;47;9;56
AT31;41506;Garsten;2008;371;37;408;346;47;393
AT31;41507;Großraming;2008;48;15;63;61;7;68
AT31;41508;Laussa;2008;33;0;33;34;11;45
AT31;41509;Losenstein;2008;62;9;71;85;4;89
AT31;41510;Maria Neustift;2008;36;3;39;29;2;31
AT31;41511;Pfarrkirchen bei Bad Hall;2008;89;9;98;117;3;120
AT31;41512;Reichraming;2008;40;0;40;87;2;89
AT31;41513;Rohr im Kremstal;2008;75;4;79;68;3;71
AT31;41514;St. Ulrich bei Steyr;2008;82;5;87;128;7;135
AT31;41515;Schiedlberg;2008;52;26;78;57;33;90
AT31;41516;Sierning;2008;384;75;459;380;51;431
AT31;41517;Ternberg;2008;120;17;137;119;4;123
AT31;41518;Waldneukirchen;2008;76;21;97;89;19;108
AT31;41521;Wolfern;2008;137;12;149;95;4;99
AT31;41522;Weyer;2008;92;17;109;153;14;167
AT31;41601;Alberndorf in der Riedmark;2008;131;7;138;107;3;110
AT31;41602;Altenberg bei Linz;2008;122;14;136;149;30;179
AT31;41603;Bad Leonfelden;2008;126;15;141;140;10;150
AT31;41604;Eidenberg;2008;81;12;93;90;1;91
AT31;41605;Engerwitzdorf;2008;327;37;364;317;27;344
AT31;41606;Feldkirchen an der Donau;2008;142;22;164;179;20;199
AT31;41607;Gallneukirchen;2008;256;34;290;329;18;347
AT31;41608;Goldwörth;2008;44;1;45;33;1;34
AT31;41609;Gramastetten;2008;176;19;195;183;11;194
AT31;41610;Haibach im Mühlkreis;2008;25;3;28;33;1;34
AT31;41611;Hellmonsödt;2008;118;5;123;111;11;122
AT31;41612;Herzogsdorf;2008;97;6;103;76;4;80
AT31;41613;Kirchschlag bei Linz;2008;95;20;115;117;11;128
AT31;41614;Lichtenberg;2008;104;10;114;102;12;114
AT31;41615;Oberneukirchen;2008;137;13;150;124;18;142
AT31;41616;Ottenschlag im Mühlkreis;2008;14;1;15;18;0;18
AT31;41617;Ottensheim;2008;199;39;238;197;28;225
AT31;41618;Puchenau;2008;196;18;214;239;25;264
AT31;41619;Reichenau im Mühlkreis;2008;53;7;60;37;1;38
AT31;41620;Reichenthal;2008;56;10;66;36;0;36
AT31;41621;St. Gotthard im Mühlkreis;2008;29;2;31;35;5;40
AT31;41622;Schenkenfelden;2008;34;2;36;39;0;39
AT31;41623;Sonnberg im Mühlkreis;2008;33;2;35;40;0;40
AT31;41624;Steyregg;2008;209;50;259;237;64;301
AT31;41625;Vorderweißenbach;2008;68;5;73;54;3;57
AT31;41626;Walding;2008;221;17;238;185;17;202
AT31;41627;Zwettl an der Rodl;2008;52;11;63;83;5;88
AT31;41701;Ampflwang im Hausruckwald;2008;122;21;143;145;22;167
AT31;41702;Attersee am Attersee;2008;90;12;102;110;8;118
AT31;41703;Attnang-Puchheim;2008;568;68;636;583;98;681
AT31;41704;Atzbach;2008;39;3;42;45;1;46
AT31;41705;Aurach am Hongar;2008;59;5;64;62;4;66
AT31;41706;Berg im Attergau;2008;37;9;46;32;5;37
AT31;41707;Desselbrunn;2008;49;8;57;50;1;51
AT31;41708;Fornach;2008;26;2;28;45;1;46
AT31;41709;Frankenburg am Hausruck;2008;95;28;123;125;13;138
AT31;41710;Frankenmarkt;2008;151;21;172;165;29;194
AT31;41711;Gampern;2008;89;5;94;94;6;100
AT31;41712;Innerschwand am Mondsee;2008;35;9;44;45;9;54
AT31;41713;Lenzing;2008;286;25;311;273;35;308
AT31;41714;Manning;2008;33;1;34;24;0;24
AT31;41715;Mondsee;2008;193;65;258;248;39;287
AT31;41716;Neukirchen an der Vöckla;2008;80;18;98;75;7;82
AT31;41717;Niederthalheim;2008;34;4;38;25;3;28
AT31;41718;Nußdorf am Attersee;2008;59;8;67;68;17;85
AT31;41719;Oberhofen am Irrsee;2008;77;8;85;50;2;52
AT31;41720;Oberndorf bei Schwanenstadt;2008;56;7;63;69;3;72
AT31;41721;Oberwang;2008;41;1;42;46;4;50
AT31;41722;Ottnang am Hausruck;2008;157;40;197;183;23;206
AT31;41723;Pfaffing;2008;68;8;76;65;3;68
AT31;41724;Pilsbach;2008;24;1;25;14;0;14
AT31;41725;Pitzenberg;2008;18;0;18;19;1;20
AT31;41726;Pöndorf;2008;88;18;106;100;23;123
AT31;41727;Puchkirchen am Trattberg;2008;28;11;39;29;1;30
AT31;41728;Pühret;2008;26;0;26;14;0;14
AT31;41729;Redleiten;2008;24;0;24;19;0;19
AT31;41730;Redlham;2008;67;7;74;61;3;64
AT31;41731;Regau;2008;374;26;400;333;16;349
AT31;41732;Rüstorf;2008;86;13;99;76;6;82
AT31;41733;Rutzenham;2008;9;2;11;4;0;4
AT31;41734;St. Georgen im Attergau;2008;498;1280;1778;1662;88;1750
AT31;41735;St. Lorenz;2008;127;21;148;109;25;134
AT31;41736;Schlatt;2008;73;4;77;74;7;81
AT31;41737;Schörfling am Attersee;2008;141;26;167;168;25;193
AT31;41738;Schwanenstadt;2008;256;42;298;280;38;318
AT31;41739;Seewalchen am Attersee;2008;268;28;296;250;28;278
AT31;41740;Steinbach am Attersee;2008;50;18;68;53;17;70
AT31;41741;Straß im Attergau;2008;58;8;66;73;7;80
AT31;41742;Tiefgraben;2008;194;34;228;132;31;163
AT31;41743;Timelkam;2008;492;41;533;452;109;561
AT31;41744;Ungenach;2008;58;9;67;57;2;59
AT31;41745;Unterach am Attersee;2008;54;15;69;94;12;106
AT31;41746;Vöcklabruck;2008;806;75;881;714;90;804
AT31;41747;Vöcklamarkt;2008;178;25;203;187;14;201
AT31;41748;Weißenkirchen im Attergau;2008;16;5;21;25;2;27
AT31;41749;Weyregg am Attersee;2008;72;11;83;52;7;59
AT31;41750;Wolfsegg am Hausruck;2008;86;16;102;102;12;114
AT31;41751;Zell am Moos;2008;76;20;96;93;8;101
AT31;41752;Zell am Pettenfirst;2008;34;6;40;52;4;56
AT31;41801;Aichkirchen;2008;41;0;41;9;0;9
AT31;41802;Bachmanning;2008;36;5;41;34;6;40
AT31;41803;Bad Wimsbach-Neydharting;2008;114;8;122;103;7;110
AT31;41804;Buchkirchen;2008;208;79;287;155;82;237
AT31;41805;Eberstalzell;2008;99;15;114;85;7;92
AT31;41806;Edt bei Lambach;2008;97;15;112;92;20;112
AT31;41807;Fischlham;2008;36;4;40;45;0;45
AT31;41808;Gunskirchen;2008;234;30;264;189;47;236
AT31;41809;Holzhausen;2008;47;8;55;42;2;44
AT31;41810;Krenglbach;2008;115;24;139;110;14;124
AT31;41811;Lambach;2008;265;42;307;264;29;293
AT31;41812;Marchtrenk;2008;679;142;821;573;89;662
AT31;41813;Neukirchen bei Lambach;2008;31;0;31;22;0;22
AT31;41814;Offenhausen;2008;71;9;80;67;5;72
AT31;41815;Pennewang;2008;34;0;34;26;1;27
AT31;41816;Pichl bei Wels;2008;81;30;111;110;10;120
AT31;41817;Sattledt;2008;105;15;120;111;12;123
AT31;41818;Schleißheim;2008;63;4;67;50;2;52
AT31;41819;Sipbachzell;2008;103;4;107;95;6;101
AT31;41820;Stadl-Paura;2008;309;50;359;320;42;362
AT31;41821;Steinerkirchen an der Traun;2008;73;20;93;92;17;109
AT31;41822;Steinhaus;2008;72;4;76;72;19;91
AT31;41823;Thalheim bei Wels;2008;346;72;418;389;65;454
AT31;41824;Weißkirchen an der Traun;2008;211;40;251;197;15;212
AT31;40101;Linz;2007;7262;2782;10044;7659;2234;9893
AT31;40201;Steyr;2007;1372;508;1880;1793;378;2171
AT31;40301;Wels;2007;2220;792;3012;2596;682;3278
AT31;40401;Altheim;2007;156;30;186;139;17;156
AT31;40402;Aspach;2007;68;16;84;86;4;90
AT31;40403;Auerbach;2007;13;5;18;18;7;25
AT31;40404;Braunau am Inn;2007;569;232;801;589;151;740
AT31;40405;Burgkirchen;2007;127;22;149;146;13;159
AT31;40406;Eggelsberg;2007;77;29;106;84;20;104
AT31;40407;Feldkirchen bei Mattighofen;2007;56;16;72;52;6;58
AT31;40408;Franking;2007;69;9;78;55;7;62
AT31;40409;Geretsberg;2007;51;21;72;69;21;90
AT31;40410;Gilgenberg am Weilhart;2007;38;2;40;27;4;31
AT31;40411;Haigermoos;2007;22;2;24;16;8;24
AT31;40412;Handenberg;2007;31;7;38;32;6;38
AT31;40413;Helpfau-Uttendorf;2007;151;43;194;189;20;209
AT31;40414;Hochburg-Ach;2007;37;60;97;64;40;104
AT31;40415;Höhnhart;2007;44;9;53;36;0;36
AT31;40416;Jeging;2007;42;7;49;30;4;34
AT31;40417;Kirchberg bei Mattighofen;2007;41;6;47;29;2;31
AT31;40418;Lengau;2007;170;38;208;156;36;192
AT31;40419;Lochen am See;2007;87;14;101;82;4;86
AT31;40420;Maria Schmolln;2007;52;11;63;23;1;24
AT31;40421;Mattighofen;2007;336;81;417;294;71;365
AT31;40422;Mauerkirchen;2007;118;28;146;142;17;159
AT31;40423;Mining;2007;41;5;46;32;4;36
AT31;40424;Moosbach;2007;40;8;48;43;9;52
AT31;40425;Moosdorf;2007;73;6;79;52;11;63
AT31;40426;Munderfing;2007;121;24;145;144;14;158
AT31;40427;Neukirchen an der Enknach;2007;66;19;85;67;4;71
AT31;40428;Ostermiething;2007;195;32;227;118;22;140
AT31;40429;Palting;2007;45;2;47;38;4;42
AT31;40430;Perwang am Grabensee;2007;48;4;52;25;1;26
AT31;40431;Pfaffstätt;2007;58;35;93;41;2;43
AT31;40432;Pischelsdorf am Engelbach;2007;54;15;69;53;9;62
AT31;40433;Polling im Innkreis;2007;27;2;29;29;9;38
AT31;40434;Roßbach;2007;40;1;41;37;2;39
AT31;40435;St. Georgen am Fillmannsbach;2007;4;2;6;10;3;13
AT31;40436;St. Johann am Walde;2007;50;16;66;53;3;56
AT31;40437;St. Pantaleon;2007;146;24;170;148;20;168
AT31;40438;St. Peter am Hart;2007;107;57;164;141;53;194
AT31;40439;St. Radegund;2007;7;3;10;16;3;19
AT31;40440;St. Veit im Innkreis;2007;8;1;9;7;0;7
AT31;40441;Schalchen;2007;157;35;192;142;22;164
AT31;40442;Schwand im Innkreis;2007;13;1;14;15;2;17
AT31;40443;Tarsdorf;2007;54;18;72;51;17;68
AT31;40444;Treubach;2007;23;2;25;25;2;27
AT31;40445;Überackern;2007;7;17;24;17;4;21
AT31;40446;Weng im Innkreis;2007;31;14;45;35;9;44
AT31;40501;Alkoven;2007;217;32;249;185;38;223
AT31;40502;Aschach an der Donau;2007;86;14;100;101;12;113
AT31;40503;Eferding;2007;286;39;325;270;26;296
AT31;40504;Fraham;2007;121;5;126;101;6;107
AT31;40505;Haibach ob der Donau;2007;19;2;21;12;2;14
AT31;40506;Hartkirchen;2007;99;12;111;101;9;110
AT31;40507;Hinzenbach;2007;93;28;121;103;20;123
AT31;40508;Prambachkirchen;2007;115;9;124;98;4;102
AT31;40509;Pupping;2007;89;7;96;69;3;72
AT31;40510;St. Marienkirchen an der Polsenz;2007;50;4;54;69;3;72
AT31;40511;Scharten;2007;88;19;107;94;11;105
AT31;40512;Stroheim;2007;41;2;43;62;2;64
AT31;40601;Freistadt;2007;363;24;387;386;28;414
AT31;40602;Grünbach;2007;64;6;70;63;6;69
AT31;40603;Gutau;2007;80;5;85;114;12;126
AT31;40604;Hagenberg im Mühlkreis;2007;123;5;128;93;8;101
AT31;40605;Hirschbach im Mühlkreis;2007;21;3;24;45;1;46
AT31;40606;Kaltenberg;2007;10;2;12;10;0;10
AT31;40607;Kefermarkt;2007;61;0;61;70;2;72
AT31;40608;Königswiesen;2007;33;2;35;82;3;85
AT31;40609;Lasberg;2007;90;4;94;79;8;87
AT31;40610;Leopoldschlag;2007;20;4;24;31;2;33
AT31;40611;Liebenau;2007;23;3;26;51;4;55
AT31;40612;Neumarkt im Mühlkreis;2007;116;11;127;111;3;114
AT31;40613;Pierbach;2007;32;11;43;29;3;32
AT31;40614;Pregarten;2007;195;19;214;180;9;189
AT31;40615;Rainbach im Mühlkreis;2007;97;5;102;104;13;117
AT31;40616;Sandl;2007;28;12;40;45;5;50
AT31;40617;St. Leonhard bei Freistadt;2007;31;1;32;50;3;53
AT31;40618;St. Oswald bei Freistadt;2007;62;1;63;66;7;73
AT31;40619;Schönau im Mühlkreis;2007;65;3;68;71;7;78
AT31;40620;Tragwein;2007;63;4;67;66;4;70
AT31;40621;Unterweißenbach;2007;89;4;93;52;2;54
AT31;40622;Unterweitersdorf;2007;110;3;113;68;2;70
AT31;40623;Waldburg;2007;35;3;38;52;1;53
AT31;40624;Wartberg ob der Aist;2007;189;21;210;173;11;184
AT31;40625;Weitersfelden;2007;21;1;22;33;0;33
AT31;40626;Windhaag bei Freistadt;2007;44;12;56;77;6;83
AT31;40627;Bad Zell;2007;80;8;88;112;5;117
AT31;40701;Altmünster;2007;357;57;414;419;55;474
AT31;40702;Bad Goisern am Hallstättersee;2007;273;48;321;208;22;230
AT31;40703;Bad Ischl;2007;484;106;590;530;103;633
AT31;40704;Ebensee;2007;178;30;208;298;38;336
AT31;40705;Gmunden;2007;689;125;814;719;115;834
AT31;40706;Gosau;2007;43;39;82;48;30;78
AT31;40707;Grünau im Almtal;2007;84;20;104;80;10;90
AT31;40708;Gschwandt;2007;96;7;103;115;5;120
AT31;40709;Hallstatt;2007;37;12;49;58;22;80
AT31;40710;Kirchham;2007;63;1;64;57;2;59
AT31;40711;Laakirchen;2007;331;57;388;329;33;362
AT31;40712;Obertraun;2007;13;4;17;25;6;31
AT31;40713;Ohlsdorf;2007;167;11;178;155;12;167
AT31;40714;Pinsdorf;2007;190;15;205;186;19;205
AT31;40715;Roitham;2007;53;7;60;58;5;63
AT31;40716;St. Konrad;2007;37;8;45;43;7;50
AT31;40717;St. Wolfgang im Salzkammergut;2007;125;21;146;125;22;147
AT31;40718;Traunkirchen;2007;72;15;87;86;15;101
AT31;40719;Scharnstein;2007;160;47;207;160;46;206
AT31;40720;Vorchdorf;2007;271;33;304;237;38;275
AT31;40801;Aistersheim;2007;42;4;46;37;3;40
AT31;40802;Bad Schallerbach;2007;242;46;288;200;22;222
AT31;40803;Bruck-Waasen;2007;70;11;81;61;4;65
AT31;40804;Eschenau im Hausruckkreis;2007;10;1;11;18;1;19
AT31;40805;Gallspach;2007;213;35;248;244;40;284
AT31;40806;Gaspoltshofen;2007;138;17;155;119;13;132
AT31;40807;Geboltskirchen;2007;53;3;56;32;8;40
AT31;40808;Grieskirchen;2007;230;31;261;312;22;334
AT31;40809;Haag am Hausruck;2007;111;13;124;145;11;156
AT31;40810;Heiligenberg;2007;8;0;8;17;0;17
AT31;40811;Hofkirchen an der Trattnach;2007;58;7;65;54;9;63
AT31;40812;Kallham;2007;78;4;82;86;3;89
AT31;40813;Kematen am Innbach;2007;57;5;62;69;5;74
AT31;40814;Meggenhofen;2007;44;8;52;36;3;39
AT31;40815;Michaelnbach;2007;35;1;36;33;1;34
AT31;40816;Natternbach;2007;45;6;51;54;3;57
AT31;40817;Neukirchen am Walde;2007;31;4;35;36;2;38
AT31;40818;Neumarkt im Hausruckkreis;2007;70;23;93;70;7;77
AT31;40819;Peuerbach;2007;104;20;124;101;10;111
AT31;40820;Pötting;2007;13;1;14;12;2;14
AT31;40821;Pollham;2007;37;2;39;24;1;25
AT31;40822;Pram;2007;49;10;59;36;9;45
AT31;40823;Rottenbach;2007;40;3;43;37;10;47
AT31;40824;St. Agatha;2007;41;1;42;54;5;59
AT31;40825;St. Georgen bei Grieskirchen;2007;50;2;52;55;0;55
AT31;40826;St. Thomas;2007;3;0;3;9;1;10
AT31;40827;Schlüßlberg;2007;149;13;162;132;6;138
AT31;40828;Steegen;2007;33;1;34;34;1;35
AT31;40829;Taufkirchen an der Trattnach;2007;51;13;64;69;10;79
AT31;40830;Tollet;2007;33;1;34;20;1;21
AT31;40831;Waizenkirchen;2007;103;18;121;109;19;128
AT31;40832;Wallern an der Trattnach;2007;111;12;123;121;13;134
AT31;40833;Weibern;2007;39;6;45;47;4;51
AT31;40834;Wendling;2007;15;5;20;15;2;17
AT31;40901;Edlbach;2007;40;5;45;28;5;33
AT31;40902;Grünburg;2007;137;23;160;162;27;189
AT31;40903;Hinterstoder;2007;26;5;31;34;10;44
AT31;40904;Inzersdorf im Kremstal;2007;83;9;92;108;4;112
AT31;40905;Kirchdorf an der Krems;2007;293;9;302;224;28;252
AT31;40906;Klaus an der Pyhrnbahn;2007;49;14;63;47;9;56
AT31;40907;Kremsmünster;2007;222;46;268;225;34;259
AT31;40908;Micheldorf in Oberösterreich;2007;284;47;331;321;30;351
AT31;40909;Molln;2007;109;8;117;132;13;145
AT31;40910;Nußbach;2007;68;15;83;102;8;110
AT31;40911;Oberschlierbach;2007;17;7;24;26;0;26
AT31;40912;Pettenbach;2007;176;23;199;156;25;181
AT31;40913;Ried im Traunkreis;2007;109;8;117;77;2;79
AT31;40914;Rosenau am Hengstpaß;2007;28;3;31;24;3;27
AT31;40915;Roßleithen;2007;85;5;90;100;7;107
AT31;40916;St. Pankraz;2007;20;3;23;28;8;36
AT31;40917;Schlierbach;2007;131;26;157;143;15;158
AT31;40918;Spital am Pyhrn;2007;92;27;119;116;22;138
AT31;40919;Steinbach am Ziehberg;2007;18;1;19;33;2;35
AT31;40920;Steinbach an der Steyr;2007;55;2;57;65;2;67
AT31;40921;Vorderstoder;2007;20;0;20;17;2;19
AT31;40922;Wartberg an der Krems;2007;86;14;100;99;3;102
AT31;40923;Windischgarsten;2007;126;16;142;138;8;146
AT31;41001;Allhaming;2007;51;2;53;65;3;68
AT31;41002;Ansfelden;2007;842;193;1035;946;138;1084
AT31;41003;Asten;2007;349;60;409;411;36;447
AT31;41004;Eggendorf im Traunkreis;2007;23;12;35;30;2;32
AT31;41005;Enns;2007;631;131;762;625;82;707
AT31;41006;Hargelsberg;2007;49;6;55;34;3;37
AT31;41007;Hörsching;2007;353;56;409;265;38;303
AT31;41008;Hofkirchen im Traunkreis;2007;126;5;131;87;2;89
AT31;41009;Kematen an der Krems;2007;145;16;161;129;7;136
AT31;41010;Kirchberg-Thening;2007;160;10;170;73;10;83
AT31;41011;Kronstorf;2007;115;25;140;145;12;157
AT31;41012;Leonding;2007;1697;213;1910;1342;156;1498
AT31;41013;St. Florian;2007;262;16;278;196;22;218
AT31;41014;Neuhofen an der Krems;2007;318;43;361;253;30;283
AT31;41015;Niederneukirchen;2007;99;6;105;87;5;92
AT31;41016;Oftering;2007;63;6;69;76;2;78
AT31;41017;Pasching;2007;426;60;486;462;51;513
AT31;41018;Piberbach;2007;85;3;88;70;4;74
AT31;41019;Pucking;2007;160;13;173;161;13;174
AT31;41020;St. Marien;2007;225;11;236;171;6;177
AT31;41021;Traun;2007;1269;308;1577;1314;249;1563
AT31;41022;Wilhering;2007;198;67;265;214;56;270
AT31;41101;Allerheiligen im Mühlkreis;2007;38;1;39;28;5;33
AT31;41102;Arbing;2007;59;7;66;42;1;43
AT31;41103;Baumgartenberg;2007;75;8;83;57;19;76
AT31;41104;Dimbach;2007;7;4;11;28;1;29
AT31;41105;Grein;2007;114;8;122;106;12;118
AT31;41106;Katsdorf;2007;121;8;129;148;2;150
AT31;41107;Klam;2007;20;10;30;41;3;44
AT31;41108;Bad Kreuzen;2007;387;333;720;651;45;696
AT31;41109;Langenstein;2007;108;16;124;149;18;167
AT31;41110;Luftenberg an der Donau;2007;157;16;173;179;9;188
AT31;41111;Mauthausen;2007;283;34;317;233;26;259
AT31;41112;Mitterkirchen im Machland;2007;38;1;39;56;5;61
AT31;41113;Münzbach;2007;44;17;61;61;4;65
AT31;41114;Naarn im Machlande;2007;141;11;152;107;3;110
AT31;41115;Pabneukirchen;2007;41;3;44;48;1;49
AT31;41116;Perg;2007;309;88;397;298;36;334
AT31;41117;Rechberg;2007;31;4;35;32;6;38
AT31;41118;Ried in der Riedmark;2007;176;3;179;134;2;136
AT31;41119;St. Georgen am Walde;2007;36;0;36;62;3;65
AT31;41120;St. Georgen an der Gusen;2007;141;12;153;158;8;166
AT31;41121;St. Nikola an der Donau;2007;80;10;90;107;16;123
AT31;41122;St. Thomas am Blasenstein;2007;14;0;14;20;2;22
AT31;41123;Saxen;2007;48;6;54;53;5;58
AT31;41124;Schwertberg;2007;207;35;242;237;26;263
AT31;41125;Waldhausen im Strudengau;2007;60;12;72;100;6;106
AT31;41126;Windhaag bei Perg;2007;57;3;60;53;4;57
AT31;41201;Andrichsfurt;2007;36;1;37;34;3;37
AT31;41202;Antiesenhofen;2007;25;7;32;46;3;49
AT31;41203;Aurolzmünster;2007;135;24;159;167;8;175
AT31;41204;Eberschwang;2007;99;11;110;84;9;93
AT31;41205;Eitzing;2007;40;7;47;28;8;36
AT31;41206;Geiersberg;2007;15;2;17;19;0;19
AT31;41207;Geinberg;2007;64;15;79;57;12;69
AT31;41208;Gurten;2007;34;2;36;52;3;55
AT31;41209;Hohenzell;2007;68;5;73;90;3;93
AT31;41210;Kirchdorf am Inn;2007;19;12;31;20;3;23
AT31;41211;Kirchheim im Innkreis;2007;14;2;16;38;1;39
AT31;41212;Lambrechten;2007;30;6;36;33;2;35
AT31;41213;Lohnsburg am Kobernaußerwald;2007;64;13;77;82;9;91
AT31;41214;Mehrnbach;2007;124;4;128;109;6;115
AT31;41215;Mettmach;2007;55;12;67;68;14;82
AT31;41216;Mörschwang;2007;5;4;9;9;0;9
AT31;41217;Mühlheim am Inn;2007;17;8;25;33;3;36
AT31;41218;Neuhofen im Innkreis;2007;98;7;105;108;7;115
AT31;41219;Obernberg am Inn;2007;103;30;133;94;29;123
AT31;41220;Ort im Innkreis;2007;56;18;74;86;26;112
AT31;41221;Pattigham;2007;35;3;38;30;1;31
AT31;41222;Peterskirchen;2007;24;1;25;19;2;21
AT31;41223;Pramet;2007;28;3;31;30;1;31
AT31;41224;Reichersberg;2007;42;20;62;61;14;75
AT31;41225;Ried im Innkreis;2007;772;84;856;741;88;829
AT31;41226;St. Georgen bei Obernberg am Inn;2007;15;3;18;14;3;17
AT31;41227;St. Marienkirchen am Hausruck;2007;42;1;43;15;3;18
AT31;41228;St. Martin im Innkreis;2007;117;14;131;123;1;124
AT31;41229;Schildorn;2007;21;2;23;39;0;39
AT31;41230;Senftenbach;2007;26;0;26;30;4;34
AT31;41231;Taiskirchen im Innkreis;2007;72;32;104;80;21;101
AT31;41232;Tumeltsham;2007;70;8;78;64;5;69
AT31;41233;Utzenaich;2007;47;9;56;55;8;63
AT31;41234;Waldzell;2007;74;10;84;62;7;69
AT31;41235;Weilbach;2007;20;3;23;31;6;37
AT31;41236;Wippenham;2007;23;1;24;25;0;25
AT31;41301;Afiesl;2007;5;1;6;13;2;15
AT31;41302;Ahorn;2007;13;4;17;16;2;18
AT31;41304;Altenfelden;2007;67;2;69;71;5;76
AT31;41305;Arnreit;2007;36;1;37;25;0;25
AT31;41306;Atzesberg;2007;6;2;8;5;0;5
AT31;41307;Auberg;2007;17;2;19;27;1;28
AT31;41309;Haslach an der Mühl;2007;99;6;105;65;5;70
AT31;41310;Helfenberg;2007;25;4;29;28;1;29
AT31;41311;Hörbich;2007;10;0;10;9;1;10
AT31;41312;Hofkirchen im Mühlkreis;2007;46;4;50;37;10;47
AT31;41313;Julbach;2007;24;2;26;22;2;24
AT31;41314;Kirchberg ob der Donau;2007;15;1;16;59;1;60
AT31;41315;Klaffer am Hochficht;2007;33;8;41;51;3;54
AT31;41316;Kleinzell im Mühlkreis;2007;56;9;65;64;7;71
AT31;41317;Kollerschlag;2007;18;3;21;44;6;50
AT31;41318;Lembach im Mühlkreis;2007;85;4;89;71;5;76
AT31;41319;Lichtenau im Mühlkreis;2007;21;3;24;14;4;18
AT31;41320;Nebelberg;2007;13;0;13;19;1;20
AT31;41321;Neufelden;2007;94;14;108;99;7;106
AT31;41322;Niederkappel;2007;23;1;24;29;2;31
AT31;41323;Niederwaldkirchen;2007;35;3;38;39;5;44
AT31;41324;Oberkappel;2007;44;7;51;58;3;61
AT31;41325;Oepping;2007;32;0;32;52;4;56
AT31;41326;Peilstein im Mühlviertel;2007;38;2;40;46;4;50
AT31;41327;Pfarrkirchen im Mühlkreis;2007;40;6;46;43;6;49
AT31;41328;Putzleinsdorf;2007;69;12;81;88;8;96
AT31;41329;Neustift im Mühlkreis;2007;27;13;40;34;14;48
AT31;41331;St. Johann am Wimberg;2007;31;5;36;23;0;23
AT31;41332;St. Martin im Mühlkreis;2007;111;3;114;107;8;115
AT31;41333;St. Oswald bei Haslach;2007;15;0;15;21;0;21
AT31;41334;St. Peter am Wimberg;2007;34;2;36;39;3;42
AT31;41335;St. Stefan am Walde;2007;20;1;21;42;3;45
AT31;41336;St. Ulrich im Mühlkreis;2007;21;0;21;20;0;20
AT31;41337;St. Veit im Mühlkreis;2007;20;12;32;36;2;38
AT31;41338;Sarleinsbach;2007;30;6;36;60;12;72
AT31;41340;Schönegg;2007;11;0;11;16;0;16
AT31;41341;Schwarzenberg am Böhmerwald;2007;10;3;13;14;2;16
AT31;41342;Ulrichsberg;2007;93;7;100;87;5;92
AT31;41343;Aigen-Schlägl;2007;112;8;120;98;15;113
AT31;41344;Rohrbach-Berg;2007;155;16;171;192;14;206
AT31;41401;Altschwendt;2007;12;6;18;16;1;17
AT31;41402;Andorf;2007;184;15;199;142;8;150
AT31;41403;Brunnenthal;2007;64;21;85;82;13;95
AT31;41404;Diersbach;2007;58;5;63;41;7;48
AT31;41405;Dorf an der Pram;2007;28;7;35;27;2;29
AT31;41406;Eggerding;2007;25;5;30;39;5;44
AT31;41407;Engelhartszell;2007;36;15;51;45;5;50
AT31;41408;Enzenkirchen;2007;49;7;56;57;5;62
AT31;41409;Esternberg;2007;54;15;69;44;11;55
AT31;41410;Freinberg;2007;30;35;65;32;33;65
AT31;41411;Kopfing im Innkreis;2007;44;11;55;50;11;61
AT31;41412;Mayrhof;2007;9;0;9;9;0;9
AT31;41413;Münzkirchen;2007;76;13;89;67;13;80
AT31;41414;Raab;2007;56;9;65;98;22;120
AT31;41415;Rainbach im Innkreis;2007;35;3;38;38;3;41
AT31;41416;Riedau;2007;84;2;86;82;5;87
AT31;41417;St. Aegidi;2007;30;10;40;43;5;48
AT31;41418;St. Florian am Inn;2007;142;25;167;148;26;174
AT31;41419;St. Marienkirchen bei Schärding;2007;61;13;74;51;9;60
AT31;41420;St. Roman;2007;16;6;22;36;3;39
AT31;41421;St. Willibald;2007;22;2;24;22;1;23
AT31;41422;Schärding;2007;249;83;332;266;72;338
AT31;41423;Schardenberg;2007;42;43;85;52;23;75
AT31;41424;Sigharting;2007;27;1;28;34;1;35
AT31;41425;Suben;2007;108;40;148;107;68;175
AT31;41426;Taufkirchen an der Pram;2007;88;16;104;103;11;114
AT31;41427;Vichtenstein;2007;39;39;78;40;23;63
AT31;41428;Waldkirchen am Wesen;2007;29;4;33;31;3;34
AT31;41429;Wernstein am Inn;2007;35;7;42;50;16;66
AT31;41430;Zell an der Pram;2007;90;7;97;89;10;99
AT31;41501;Adlwang;2007;51;14;65;56;6;62
AT31;41502;Aschach an der Steyr;2007;81;5;86;83;6;89
AT31;41503;Bad Hall;2007;207;26;233;185;14;199
AT31;41504;Dietach;2007;165;9;174;95;6;101
AT31;41505;Gaflenz;2007;49;9;58;51;14;65
AT31;41506;Garsten;2007;281;62;343;355;38;393
AT31;41507;Großraming;2007;73;3;76;82;8;90
AT31;41508;Laussa;2007;22;2;24;45;4;49
AT31;41509;Losenstein;2007;69;7;76;71;2;73
AT31;41510;Maria Neustift;2007;30;0;30;39;2;41
AT31;41511;Pfarrkirchen bei Bad Hall;2007;76;10;86;67;5;72
AT31;41512;Reichraming;2007;50;2;52;47;1;48
AT31;41513;Rohr im Kremstal;2007;66;4;70;58;8;66
AT31;41514;St. Ulrich bei Steyr;2007;95;9;104;111;11;122
AT31;41515;Schiedlberg;2007;25;28;53;40;26;66
AT31;41516;Sierning;2007;397;75;472;401;50;451
AT31;41517;Ternberg;2007;127;4;131;106;7;113
AT31;41518;Waldneukirchen;2007;65;14;79;60;12;72
AT31;41521;Wolfern;2007;121;6;127;107;7;114
AT31;41522;Weyer;2007;110;18;128;120;21;141
AT31;41601;Alberndorf in der Riedmark;2007;142;7;149;165;7;172
AT31;41602;Altenberg bei Linz;2007;141;19;160;148;12;160
AT31;41603;Bad Leonfelden;2007;104;11;115;99;10;109
AT31;41604;Eidenberg;2007;64;1;65;43;1;44
AT31;41605;Engerwitzdorf;2007;424;33;457;260;31;291
AT31;41606;Feldkirchen an der Donau;2007;127;20;147;169;13;182
AT31;41607;Gallneukirchen;2007;289;26;315;328;26;354
AT31;41608;Goldwörth;2007;28;1;29;23;10;33
AT31;41609;Gramastetten;2007;173;11;184;161;13;174
AT31;41610;Haibach im Mühlkreis;2007;27;2;29;13;0;13
AT31;41611;Hellmonsödt;2007;80;8;88;90;10;100
AT31;41612;Herzogsdorf;2007;56;5;61;67;2;69
AT31;41613;Kirchschlag bei Linz;2007;110;20;130;102;12;114
AT31;41614;Lichtenberg;2007;137;11;148;77;8;85
AT31;41615;Oberneukirchen;2007;75;17;92;77;12;89
AT31;41616;Ottenschlag im Mühlkreis;2007;10;0;10;10;2;12
AT31;41617;Ottensheim;2007;140;33;173;183;25;208
AT31;41618;Puchenau;2007;175;14;189;172;21;193
AT31;41619;Reichenau im Mühlkreis;2007;44;0;44;46;1;47
AT31;41620;Reichenthal;2007;39;1;40;35;6;41
AT31;41621;St. Gotthard im Mühlkreis;2007;46;2;48;62;1;63
AT31;41622;Schenkenfelden;2007;31;1;32;37;2;39
AT31;41623;Sonnberg im Mühlkreis;2007;23;1;24;23;0;23
AT31;41624;Steyregg;2007;204;38;242;247;47;294
AT31;41625;Vorderweißenbach;2007;35;2;37;54;4;58
AT31;41626;Walding;2007;147;6;153;151;12;163
AT31;41627;Zwettl an der Rodl;2007;76;3;79;70;2;72
AT31;41701;Ampflwang im Hausruckwald;2007;125;24;149;145;17;162
AT31;41702;Attersee am Attersee;2007;97;14;111;70;11;81
AT31;41703;Attnang-Puchheim;2007;493;95;588;522;79;601
AT31;41704;Atzbach;2007;30;1;31;28;2;30
AT31;41705;Aurach am Hongar;2007;53;6;59;56;2;58
AT31;41706;Berg im Attergau;2007;30;2;32;27;0;27
AT31;41707;Desselbrunn;2007;74;2;76;49;6;55
AT31;41708;Fornach;2007;26;5;31;23;1;24
AT31;41709;Frankenburg am Hausruck;2007;105;32;137;141;21;162
AT31;41710;Frankenmarkt;2007;153;30;183;162;26;188
AT31;41711;Gampern;2007;105;16;121;104;7;111
AT31;41712;Innerschwand am Mondsee;2007;19;12;31;22;8;30
AT31;41713;Lenzing;2007;261;18;279;262;30;292
AT31;41714;Manning;2007;33;0;33;41;0;41
AT31;41715;Mondsee;2007;225;44;269;216;36;252
AT31;41716;Neukirchen an der Vöckla;2007;52;7;59;96;9;105
AT31;41717;Niederthalheim;2007;28;1;29;27;1;28
AT31;41718;Nußdorf am Attersee;2007;45;9;54;43;16;59
AT31;41719;Oberhofen am Irrsee;2007;56;13;69;69;7;76
AT31;41720;Oberndorf bei Schwanenstadt;2007;48;0;48;54;2;56
AT31;41721;Oberwang;2007;28;4;32;40;3;43
AT31;41722;Ottnang am Hausruck;2007;165;27;192;183;21;204
AT31;41723;Pfaffing;2007;51;4;55;45;2;47
AT31;41724;Pilsbach;2007;20;0;20;10;1;11
AT31;41725;Pitzenberg;2007;11;0;11;16;1;17
AT31;41726;Pöndorf;2007;91;9;100;76;8;84
AT31;41727;Puchkirchen am Trattberg;2007;15;5;20;31;1;32
AT31;41728;Pühret;2007;11;0;11;8;0;8
AT31;41729;Redleiten;2007;18;0;18;19;0;19
AT31;41730;Redlham;2007;75;3;78;64;9;73
AT31;41731;Regau;2007;335;25;360;281;19;300
AT31;41732;Rüstorf;2007;78;10;88;91;7;98
AT31;41733;Rutzenham;2007;1;4;5;9;0;9
AT31;41734;St. Georgen im Attergau;2007;351;1227;1578;1525;74;1599
AT31;41735;St. Lorenz;2007;121;29;150;88;18;106
AT31;41736;Schlatt;2007;63;9;72;83;3;86
AT31;41737;Schörfling am Attersee;2007;157;30;187;160;19;179
AT31;41738;Schwanenstadt;2007;261;64;325;312;23;335
AT31;41739;Seewalchen am Attersee;2007;247;30;277;204;26;230
AT31;41740;Steinbach am Attersee;2007;49;13;62;36;8;44
AT31;41741;Straß im Attergau;2007;63;8;71;58;18;76
AT31;41742;Tiefgraben;2007;141;17;158;133;19;152
AT31;41743;Timelkam;2007;489;59;548;422;99;521
AT31;41744;Ungenach;2007;55;3;58;45;4;49
AT31;41745;Unterach am Attersee;2007;64;18;82;60;21;81
AT31;41746;Vöcklabruck;2007;732;111;843;779;89;868
AT31;41747;Vöcklamarkt;2007;174;32;206;204;17;221
AT31;41748;Weißenkirchen im Attergau;2007;19;1;20;25;1;26
AT31;41749;Weyregg am Attersee;2007;38;5;43;63;2;65
AT31;41750;Wolfsegg am Hausruck;2007;103;12;115;96;11;107
AT31;41751;Zell am Moos;2007;68;27;95;71;10;81
AT31;41752;Zell am Pettenfirst;2007;46;5;51;57;4;61
AT31;41801;Aichkirchen;2007;20;1;21;20;2;22
AT31;41802;Bachmanning;2007;14;6;20;43;1;44
AT31;41803;Bad Wimsbach-Neydharting;2007;94;17;111;104;7;111
AT31;41804;Buchkirchen;2007;222;63;285;129;65;194
AT31;41805;Eberstalzell;2007;91;10;101;81;7;88
AT31;41806;Edt bei Lambach;2007;84;9;93;102;7;109
AT31;41807;Fischlham;2007;32;1;33;56;0;56
AT31;41808;Gunskirchen;2007;268;39;307;158;28;186
AT31;41809;Holzhausen;2007;45;3;48;28;1;29
AT31;41810;Krenglbach;2007;153;11;164;105;10;115
AT31;41811;Lambach;2007;237;34;271;240;43;283
AT31;41812;Marchtrenk;2007;683;113;796;527;98;625
AT31;41813;Neukirchen bei Lambach;2007;21;1;22;18;5;23
AT31;41814;Offenhausen;2007;86;11;97;56;3;59
AT31;41815;Pennewang;2007;28;0;28;30;1;31
AT31;41816;Pichl bei Wels;2007;114;32;146;112;20;132
AT31;41817;Sattledt;2007;105;16;121;78;9;87
AT31;41818;Schleißheim;2007;88;4;92;53;6;59
AT31;41819;Sipbachzell;2007;87;7;94;70;11;81
AT31;41820;Stadl-Paura;2007;296;46;342;288;44;332
AT31;41821;Steinerkirchen an der Traun;2007;65;17;82;76;17;93
AT31;41822;Steinhaus;2007;78;9;87;63;3;66
AT31;41823;Thalheim bei Wels;2007;376;68;444;328;47;375
AT31;41824;Weißkirchen an der Traun;2007;136;44;180;149;16;165
AT31;40101;Linz;2006;7148;2394;9542;7342;1762;9104
AT31;40201;Steyr;2006;1437;476;1913;1659;347;2006
AT31;40301;Wels;2006;2301;709;3010;2486;613;3099
AT31;40401;Altheim;2006;169;20;189;141;19;160
AT31;40402;Aspach;2006;68;9;77;82;9;91
AT31;40403;Auerbach;2006;11;12;23;16;0;16
AT31;40404;Braunau am Inn;2006;559;132;691;555;163;718
AT31;40405;Burgkirchen;2006;110;19;129;96;16;112
AT31;40406;Eggelsberg;2006;91;30;121;104;21;125
AT31;40407;Feldkirchen bei Mattighofen;2006;53;5;58;82;3;85
AT31;40408;Franking;2006;62;11;73;117;8;125
AT31;40409;Geretsberg;2006;71;25;96;89;16;105
AT31;40410;Gilgenberg am Weilhart;2006;20;4;24;22;2;24
AT31;40411;Haigermoos;2006;29;12;41;20;7;27
AT31;40412;Handenberg;2006;23;13;36;45;31;76
AT31;40413;Helpfau-Uttendorf;2006;155;16;171;194;18;212
AT31;40414;Hochburg-Ach;2006;48;55;103;66;43;109
AT31;40415;Höhnhart;2006;50;9;59;43;5;48
AT31;40416;Jeging;2006;23;2;25;35;0;35
AT31;40417;Kirchberg bei Mattighofen;2006;42;5;47;23;3;26
AT31;40418;Lengau;2006;183;52;235;167;26;193
AT31;40419;Lochen am See;2006;62;12;74;65;5;70
AT31;40420;Maria Schmolln;2006;59;4;63;28;2;30
AT31;40421;Mattighofen;2006;342;73;415;288;45;333
AT31;40422;Mauerkirchen;2006;130;14;144;140;13;153
AT31;40423;Mining;2006;27;4;31;31;6;37
AT31;40424;Moosbach;2006;40;4;44;56;3;59
AT31;40425;Moosdorf;2006;66;19;85;48;5;53
AT31;40426;Munderfing;2006;107;19;126;103;11;114
AT31;40427;Neukirchen an der Enknach;2006;59;12;71;79;5;84
AT31;40428;Ostermiething;2006;125;26;151;100;23;123
AT31;40429;Palting;2006;36;2;38;19;3;22
AT31;40430;Perwang am Grabensee;2006;21;5;26;23;1;24
AT31;40431;Pfaffstätt;2006;54;5;59;51;7;58
AT31;40432;Pischelsdorf am Engelbach;2006;51;5;56;72;2;74
AT31;40433;Polling im Innkreis;2006;26;16;42;32;5;37
AT31;40434;Roßbach;2006;15;2;17;24;2;26
AT31;40435;St. Georgen am Fillmannsbach;2006;10;0;10;10;0;10
AT31;40436;St. Johann am Walde;2006;35;2;37;51;4;55
AT31;40437;St. Pantaleon;2006;130;27;157;128;10;138
AT31;40438;St. Peter am Hart;2006;89;72;161;75;42;117
AT31;40439;St. Radegund;2006;6;3;9;9;6;15
AT31;40440;St. Veit im Innkreis;2006;7;1;8;8;1;9
AT31;40441;Schalchen;2006;191;9;200;150;12;162
AT31;40442;Schwand im Innkreis;2006;12;1;13;21;1;22
AT31;40443;Tarsdorf;2006;49;18;67;45;5;50
AT31;40444;Treubach;2006;10;3;13;25;1;26
AT31;40445;Überackern;2006;17;12;29;14;3;17
AT31;40446;Weng im Innkreis;2006;35;13;48;31;3;34
AT31;40501;Alkoven;2006;171;16;187;205;17;222
AT31;40502;Aschach an der Donau;2006;103;16;119;122;9;131
AT31;40503;Eferding;2006;280;30;310;238;29;267
AT31;40504;Fraham;2006;149;13;162;97;13;110
AT31;40505;Haibach ob der Donau;2006;23;0;23;20;2;22
AT31;40506;Hartkirchen;2006;91;14;105;114;12;126
AT31;40507;Hinzenbach;2006;112;34;146;91;32;123
AT31;40508;Prambachkirchen;2006;97;3;100;90;8;98
AT31;40509;Pupping;2006;136;6;142;75;4;79
AT31;40510;St. Marienkirchen an der Polsenz;2006;54;4;58;49;1;50
AT31;40511;Scharten;2006;101;31;132;109;27;136
AT31;40512;Stroheim;2006;33;1;34;45;4;49
AT31;40601;Freistadt;2006;300;24;324;321;21;342
AT31;40602;Grünbach;2006;60;3;63;54;4;58
AT31;40603;Gutau;2006;48;1;49;89;6;95
AT31;40604;Hagenberg im Mühlkreis;2006;77;8;85;93;12;105
AT31;40605;Hirschbach im Mühlkreis;2006;19;0;19;29;2;31
AT31;40606;Kaltenberg;2006;5;0;5;14;3;17
AT31;40607;Kefermarkt;2006;66;4;70;75;8;83
AT31;40608;Königswiesen;2006;55;12;67;67;6;73
AT31;40609;Lasberg;2006;97;3;100;81;8;89
AT31;40610;Leopoldschlag;2006;22;2;24;20;2;22
AT31;40611;Liebenau;2006;22;0;22;35;7;42
AT31;40612;Neumarkt im Mühlkreis;2006;88;5;93;63;3;66
AT31;40613;Pierbach;2006;25;12;37;48;0;48
AT31;40614;Pregarten;2006;174;13;187;150;11;161
AT31;40615;Rainbach im Mühlkreis;2006;93;17;110;67;11;78
AT31;40616;Sandl;2006;28;5;33;43;4;47
AT31;40617;St. Leonhard bei Freistadt;2006;47;2;49;48;0;48
AT31;40618;St. Oswald bei Freistadt;2006;74;4;78;87;2;89
AT31;40619;Schönau im Mühlkreis;2006;41;17;58;60;2;62
AT31;40620;Tragwein;2006;83;11;94;89;7;96
AT31;40621;Unterweißenbach;2006;53;2;55;44;2;46
AT31;40622;Unterweitersdorf;2006;97;9;106;60;2;62
AT31;40623;Waldburg;2006;27;1;28;52;1;53
AT31;40624;Wartberg ob der Aist;2006;184;23;207;142;18;160
AT31;40625;Weitersfelden;2006;18;2;20;34;1;35
AT31;40626;Windhaag bei Freistadt;2006;41;26;67;67;2;69
AT31;40627;Bad Zell;2006;53;11;64;70;12;82
AT31;40701;Altmünster;2006;374;55;429;381;38;419
AT31;40702;Bad Goisern am Hallstättersee;2006;147;40;187;212;16;228
AT31;40703;Bad Ischl;2006;504;124;628;484;84;568
AT31;40704;Ebensee;2006;219;37;256;224;26;250
AT31;40705;Gmunden;2006;656;140;796;763;78;841
AT31;40706;Gosau;2006;48;27;75;49;20;69
AT31;40707;Grünau im Almtal;2006;91;9;100;57;10;67
AT31;40708;Gschwandt;2006;99;7;106;99;7;106
AT31;40709;Hallstatt;2006;47;30;77;77;14;91
AT31;40710;Kirchham;2006;41;3;44;71;1;72
AT31;40711;Laakirchen;2006;347;55;402;345;39;384
AT31;40712;Obertraun;2006;34;9;43;26;3;29
AT31;40713;Ohlsdorf;2006;193;14;207;192;23;215
AT31;40714;Pinsdorf;2006;192;19;211;194;13;207
AT31;40715;Roitham;2006;64;6;70;71;5;76
AT31;40716;St. Konrad;2006;45;10;55;42;7;49
AT31;40717;St. Wolfgang im Salzkammergut;2006;106;25;131;103;28;131
AT31;40718;Traunkirchen;2006;95;11;106;102;13;115
AT31;40719;Scharnstein;2006;145;38;183;214;16;230
AT31;40720;Vorchdorf;2006;217;31;248;203;24;227
AT31;40801;Aistersheim;2006;32;3;35;29;1;30
AT31;40802;Bad Schallerbach;2006;173;26;199;193;14;207
AT31;40803;Bruck-Waasen;2006;78;7;85;89;3;92
AT31;40804;Eschenau im Hausruckkreis;2006;18;1;19;32;1;33
AT31;40805;Gallspach;2006;176;26;202;171;29;200
AT31;40806;Gaspoltshofen;2006;116;22;138;127;12;139
AT31;40807;Geboltskirchen;2006;43;12;55;50;8;58
AT31;40808;Grieskirchen;2006;286;42;328;224;27;251
AT31;40809;Haag am Hausruck;2006;108;17;125;90;14;104
AT31;40810;Heiligenberg;2006;13;0;13;11;0;11
AT31;40811;Hofkirchen an der Trattnach;2006;74;3;77;61;4;65
AT31;40812;Kallham;2006;63;4;67;93;6;99
AT31;40813;Kematen am Innbach;2006;56;10;66;70;1;71
AT31;40814;Meggenhofen;2006;42;10;52;54;6;60
AT31;40815;Michaelnbach;2006;45;1;46;34;0;34
AT31;40816;Natternbach;2006;58;4;62;72;6;78
AT31;40817;Neukirchen am Walde;2006;39;3;42;43;2;45
AT31;40818;Neumarkt im Hausruckkreis;2006;82;8;90;66;7;73
AT31;40819;Peuerbach;2006;93;17;110;87;14;101
AT31;40820;Pötting;2006;8;1;9;8;2;10
AT31;40821;Pollham;2006;22;0;22;35;1;36
AT31;40822;Pram;2006;55;4;59;81;8;89
AT31;40823;Rottenbach;2006;27;3;30;34;2;36
AT31;40824;St. Agatha;2006;51;3;54;44;1;45
AT31;40825;St. Georgen bei Grieskirchen;2006;49;1;50;47;5;52
AT31;40826;St. Thomas;2006;5;0;5;10;0;10
AT31;40827;Schlüßlberg;2006;115;11;126;153;9;162
AT31;40828;Steegen;2006;29;1;30;38;2;40
AT31;40829;Taufkirchen an der Trattnach;2006;56;13;69;74;3;77
AT31;40830;Tollet;2006;18;0;18;39;0;39
AT31;40831;Waizenkirchen;2006;100;30;130;124;11;135
AT31;40832;Wallern an der Trattnach;2006;87;15;102;122;5;127
AT31;40833;Weibern;2006;48;4;52;57;6;63
AT31;40834;Wendling;2006;17;3;20;19;0;19
AT31;40901;Edlbach;2006;22;2;24;28;6;34
AT31;40902;Grünburg;2006;131;15;146;164;11;175
AT31;40903;Hinterstoder;2006;28;7;35;35;1;36
AT31;40904;Inzersdorf im Kremstal;2006;86;1;87;84;1;85
AT31;40905;Kirchdorf an der Krems;2006;237;26;263;232;22;254
AT31;40906;Klaus an der Pyhrnbahn;2006;47;7;54;49;8;57
AT31;40907;Kremsmünster;2006;211;49;260;215;42;257
AT31;40908;Micheldorf in Oberösterreich;2006;278;37;315;247;22;269
AT31;40909;Molln;2006;96;10;106;133;11;144
AT31;40910;Nußbach;2006;71;11;82;86;6;92
AT31;40911;Oberschlierbach;2006;24;0;24;28;0;28
AT31;40912;Pettenbach;2006;138;37;175;151;13;164
AT31;40913;Ried im Traunkreis;2006;102;11;113;126;2;128
AT31;40914;Rosenau am Hengstpaß;2006;22;3;25;33;4;37
AT31;40915;Roßleithen;2006;87;10;97;82;8;90
AT31;40916;St. Pankraz;2006;10;12;22;32;2;34
AT31;40917;Schlierbach;2006;137;25;162;145;24;169
AT31;40918;Spital am Pyhrn;2006;54;26;80;93;6;99
AT31;40919;Steinbach am Ziehberg;2006;15;5;20;16;0;16
AT31;40920;Steinbach an der Steyr;2006;57;1;58;57;8;65
AT31;40921;Vorderstoder;2006;18;5;23;29;1;30
AT31;40922;Wartberg an der Krems;2006;84;10;94;90;9;99
AT31;40923;Windischgarsten;2006;135;15;150;117;11;128
AT31;41001;Allhaming;2006;39;1;40;50;5;55
AT31;41002;Ansfelden;2006;937;187;1124;857;138;995
AT31;41003;Asten;2006;354;54;408;383;48;431
AT31;41004;Eggendorf im Traunkreis;2006;29;6;35;27;0;27
AT31;41005;Enns;2006;637;100;737;468;49;517
AT31;41006;Hargelsberg;2006;52;8;60;46;4;50
AT31;41007;Hörsching;2006;314;32;346;225;20;245
AT31;41008;Hofkirchen im Traunkreis;2006;115;7;122;55;1;56
AT31;41009;Kematen an der Krems;2006;128;12;140;108;9;117
AT31;41010;Kirchberg-Thening;2006;89;12;101;75;8;83
AT31;41011;Kronstorf;2006;117;15;132;152;13;165
AT31;41012;Leonding;2006;1629;167;1796;1326;123;1449
AT31;41013;St. Florian;2006;308;24;332;198;9;207
AT31;41014;Neuhofen an der Krems;2006;257;31;288;266;19;285
AT31;41015;Niederneukirchen;2006;55;15;70;72;4;76
AT31;41016;Oftering;2006;92;7;99;58;3;61
AT31;41017;Pasching;2006;413;81;494;372;38;410
AT31;41018;Piberbach;2006;92;7;99;76;4;80
AT31;41019;Pucking;2006;108;2;110;118;6;124
AT31;41020;St. Marien;2006;221;13;234;176;19;195
AT31;41021;Traun;2006;1165;416;1581;1270;329;1599
AT31;41022;Wilhering;2006;262;52;314;202;41;243
AT31;41101;Allerheiligen im Mühlkreis;2006;42;6;48;32;1;33
AT31;41102;Arbing;2006;30;2;32;34;3;37
AT31;41103;Baumgartenberg;2006;136;17;153;58;8;66
AT31;41104;Dimbach;2006;16;1;17;41;0;41
AT31;41105;Grein;2006;156;29;185;129;17;146
AT31;41106;Katsdorf;2006;113;12;125;153;2;155
AT31;41107;Klam;2006;32;3;35;19;1;20
AT31;41108;Bad Kreuzen;2006;246;293;539;514;42;556
AT31;41109;Langenstein;2006;149;11;160;147;17;164
AT31;41110;Luftenberg an der Donau;2006;201;8;209;178;12;190
AT31;41111;Mauthausen;2006;176;44;220;269;39;308
AT31;41112;Mitterkirchen im Machland;2006;40;3;43;46;3;49
AT31;41113;Münzbach;2006;74;13;87;71;4;75
AT31;41114;Naarn im Machlande;2006;100;4;104;94;2;96
AT31;41115;Pabneukirchen;2006;41;4;45;63;5;68
AT31;41116;Perg;2006;291;65;356;331;55;386
AT31;41117;Rechberg;2006;39;7;46;44;2;46
AT31;41118;Ried in der Riedmark;2006;139;11;150;114;4;118
AT31;41119;St. Georgen am Walde;2006;43;0;43;46;0;46
AT31;41120;St. Georgen an der Gusen;2006;171;14;185;135;7;142
AT31;41121;St. Nikola an der Donau;2006;100;60;160;144;18;162
AT31;41122;St. Thomas am Blasenstein;2006;26;0;26;20;0;20
AT31;41123;Saxen;2006;47;4;51;96;2;98
AT31;41124;Schwertberg;2006;157;24;181;205;16;221
AT31;41125;Waldhausen im Strudengau;2006;76;10;86;77;9;86
AT31;41126;Windhaag bei Perg;2006;46;8;54;59;2;61
AT31;41201;Andrichsfurt;2006;32;1;33;24;1;25
AT31;41202;Antiesenhofen;2006;52;9;61;29;1;30
AT31;41203;Aurolzmünster;2006;134;10;144;139;13;152
AT31;41204;Eberschwang;2006;85;15;100;86;6;92
AT31;41205;Eitzing;2006;26;5;31;25;8;33
AT31;41206;Geiersberg;2006;17;2;19;13;1;14
AT31;41207;Geinberg;2006;44;14;58;49;9;58
AT31;41208;Gurten;2006;49;1;50;44;3;47
AT31;41209;Hohenzell;2006;71;7;78;74;4;78
AT31;41210;Kirchdorf am Inn;2006;16;1;17;19;3;22
AT31;41211;Kirchheim im Innkreis;2006;17;4;21;22;2;24
AT31;41212;Lambrechten;2006;31;3;34;45;3;48
AT31;41213;Lohnsburg am Kobernaußerwald;2006;57;8;65;79;10;89
AT31;41214;Mehrnbach;2006;96;5;101;82;5;87
AT31;41215;Mettmach;2006;64;7;71;85;5;90
AT31;41216;Mörschwang;2006;5;1;6;8;0;8
AT31;41217;Mühlheim am Inn;2006;29;2;31;24;1;25
AT31;41218;Neuhofen im Innkreis;2006;99;14;113;94;8;102
AT31;41219;Obernberg am Inn;2006;78;23;101;92;30;122
AT31;41220;Ort im Innkreis;2006;77;34;111;74;23;97
AT31;41221;Pattigham;2006;37;1;38;28;2;30
AT31;41222;Peterskirchen;2006;20;2;22;32;0;32
AT31;41223;Pramet;2006;47;2;49;28;5;33
AT31;41224;Reichersberg;2006;50;14;64;76;6;82
AT31;41225;Ried im Innkreis;2006;619;83;702;634;64;698
AT31;41226;St. Georgen bei Obernberg am Inn;2006;10;3;13;20;3;23
AT31;41227;St. Marienkirchen am Hausruck;2006;32;2;34;32;1;33
AT31;41228;St. Martin im Innkreis;2006;94;11;105;73;9;82
AT31;41229;Schildorn;2006;39;0;39;55;1;56
AT31;41230;Senftenbach;2006;27;3;30;33;3;36
AT31;41231;Taiskirchen im Innkreis;2006;72;21;93;71;18;89
AT31;41232;Tumeltsham;2006;54;1;55;46;3;49
AT31;41233;Utzenaich;2006;38;7;45;85;18;103
AT31;41234;Waldzell;2006;54;8;62;56;6;62
AT31;41235;Weilbach;2006;23;5;28;14;4;18
AT31;41236;Wippenham;2006;7;1;8;13;2;15
AT31;41301;Afiesl;2006;5;2;7;8;0;8
AT31;41302;Ahorn;2006;18;3;21;20;1;21
AT31;41304;Altenfelden;2006;36;6;42;50;4;54
AT31;41305;Arnreit;2006;37;0;37;21;0;21
AT31;41306;Atzesberg;2006;12;2;14;14;1;15
AT31;41307;Auberg;2006;12;3;15;14;0;14
AT31;41309;Haslach an der Mühl;2006;93;8;101;78;3;81
AT31;41310;Helfenberg;2006;19;3;22;33;2;35
AT31;41311;Hörbich;2006;14;2;16;10;2;12
AT31;41312;Hofkirchen im Mühlkreis;2006;22;8;30;33;1;34
AT31;41313;Julbach;2006;36;5;41;25;3;28
AT31;41314;Kirchberg ob der Donau;2006;37;1;38;35;5;40
AT31;41315;Klaffer am Hochficht;2006;25;5;30;41;3;44
AT31;41316;Kleinzell im Mühlkreis;2006;48;2;50;38;1;39
AT31;41317;Kollerschlag;2006;17;5;22;28;1;29
AT31;41318;Lembach im Mühlkreis;2006;83;12;95;65;5;70
AT31;41319;Lichtenau im Mühlkreis;2006;10;2;12;14;1;15
AT31;41320;Nebelberg;2006;3;2;5;8;4;12
AT31;41321;Neufelden;2006;61;22;83;89;8;97
AT31;41322;Niederkappel;2006;15;2;17;21;1;22
AT31;41323;Niederwaldkirchen;2006;41;5;46;49;2;51
AT31;41324;Oberkappel;2006;15;4;19;20;5;25
AT31;41325;Oepping;2006;41;0;41;58;2;60
AT31;41326;Peilstein im Mühlviertel;2006;50;2;52;35;1;36
AT31;41327;Pfarrkirchen im Mühlkreis;2006;30;11;41;54;10;64
AT31;41328;Putzleinsdorf;2006;67;9;76;70;8;78
AT31;41329;Neustift im Mühlkreis;2006;20;8;28;28;1;29
AT31;41331;St. Johann am Wimberg;2006;16;2;18;21;1;22
AT31;41332;St. Martin im Mühlkreis;2006;81;3;84;95;2;97
AT31;41333;St. Oswald bei Haslach;2006;17;0;17;32;0;32
AT31;41334;St. Peter am Wimberg;2006;58;1;59;31;0;31
AT31;41335;St. Stefan am Walde;2006;13;4;17;40;0;40
AT31;41336;St. Ulrich im Mühlkreis;2006;15;1;16;31;3;34
AT31;41337;St. Veit im Mühlkreis;2006;37;0;37;42;3;45
AT31;41338;Sarleinsbach;2006;38;2;40;59;0;59
AT31;41340;Schönegg;2006;10;4;14;5;11;16
AT31;41341;Schwarzenberg am Böhmerwald;2006;17;4;21;18;4;22
AT31;41342;Ulrichsberg;2006;71;7;78;69;6;75
AT31;41343;Aigen-Schlägl;2006;85;3;88;105;16;121
AT31;41344;Rohrbach-Berg;2006;161;16;177;187;15;202
AT31;41401;Altschwendt;2006;21;2;23;23;2;25
AT31;41402;Andorf;2006;154;13;167;141;10;151
AT31;41403;Brunnenthal;2006;83;15;98;83;12;95
AT31;41404;Diersbach;2006;35;10;45;61;1;62
AT31;41405;Dorf an der Pram;2006;37;3;40;38;0;38
AT31;41406;Eggerding;2006;48;5;53;41;0;41
AT31;41407;Engelhartszell;2006;32;15;47;65;10;75
AT31;41408;Enzenkirchen;2006;49;5;54;35;4;39
AT31;41409;Esternberg;2006;39;14;53;69;5;74
AT31;41410;Freinberg;2006;26;28;54;25;18;43
AT31;41411;Kopfing im Innkreis;2006;45;16;61;69;14;83
AT31;41412;Mayrhof;2006;17;0;17;5;0;5
AT31;41413;Münzkirchen;2006;66;12;78;70;6;76
AT31;41414;Raab;2006;74;14;88;88;13;101
AT31;41415;Rainbach im Innkreis;2006;37;3;40;47;3;50
AT31;41416;Riedau;2006;80;11;91;72;6;78
AT31;41417;St. Aegidi;2006;41;3;44;33;2;35
AT31;41418;St. Florian am Inn;2006;146;46;192;125;27;152
AT31;41419;St. Marienkirchen bei Schärding;2006;57;11;68;57;3;60
AT31;41420;St. Roman;2006;18;4;22;34;2;36
AT31;41421;St. Willibald;2006;28;2;30;30;1;31
AT31;41422;Schärding;2006;293;71;364;279;85;364
AT31;41423;Schardenberg;2006;52;45;97;66;19;85
AT31;41424;Sigharting;2006;22;1;23;38;7;45
AT31;41425;Suben;2006;134;52;186;108;83;191
AT31;41426;Taufkirchen an der Pram;2006;62;14;76;81;5;86
AT31;41427;Vichtenstein;2006;40;61;101;128;18;146
AT31;41428;Waldkirchen am Wesen;2006;23;5;28;28;0;28
AT31;41429;Wernstein am Inn;2006;42;18;60;68;13;81
AT31;41430;Zell an der Pram;2006;80;10;90;79;6;85
AT31;41501;Adlwang;2006;77;7;84;50;2;52
AT31;41502;Aschach an der Steyr;2006;90;8;98;89;7;96
AT31;41503;Bad Hall;2006;242;19;261;215;21;236
AT31;41504;Dietach;2006;136;10;146;133;12;145
AT31;41505;Gaflenz;2006;45;11;56;50;6;56
AT31;41506;Garsten;2006;379;59;438;295;52;347
AT31;41507;Großraming;2006;65;8;73;66;1;67
AT31;41508;Laussa;2006;38;1;39;34;5;39
AT31;41509;Losenstein;2006;58;8;66;87;4;91
AT31;41510;Maria Neustift;2006;28;2;30;51;0;51
AT31;41511;Pfarrkirchen bei Bad Hall;2006;109;8;117;119;7;126
AT31;41512;Reichraming;2006;48;1;49;81;0;81
AT31;41513;Rohr im Kremstal;2006;60;6;66;53;3;56
AT31;41514;St. Ulrich bei Steyr;2006;101;9;110;132;15;147
AT31;41515;Schiedlberg;2006;29;27;56;46;25;71
AT31;41516;Sierning;2006;413;49;462;338;54;392
AT31;41517;Ternberg;2006;99;16;115;93;5;98
AT31;41518;Waldneukirchen;2006;51;23;74;81;16;97
AT31;41521;Wolfern;2006;116;4;120;78;4;82
AT31;41522;Weyer;2006;116;20;136;138;17;155
AT31;41601;Alberndorf in der Riedmark;2006;138;4;142;144;4;148
AT31;41602;Altenberg bei Linz;2006;142;17;159;134;18;152
AT31;41603;Bad Leonfelden;2006;128;12;140;107;12;119
AT31;41604;Eidenberg;2006;46;6;52;57;5;62
AT31;41605;Engerwitzdorf;2006;370;25;395;318;12;330
AT31;41606;Feldkirchen an der Donau;2006;136;25;161;139;21;160
AT31;41607;Gallneukirchen;2006;320;19;339;311;22;333
AT31;41608;Goldwörth;2006;40;3;43;28;1;29
AT31;41609;Gramastetten;2006;158;14;172;161;5;166
AT31;41610;Haibach im Mühlkreis;2006;28;0;28;23;0;23
AT31;41611;Hellmonsödt;2006;94;14;108;76;11;87
AT31;41612;Herzogsdorf;2006;47;7;54;60;4;64
AT31;41613;Kirchschlag bei Linz;2006;94;16;110;114;8;122
AT31;41614;Lichtenberg;2006;118;15;133;80;4;84
AT31;41615;Oberneukirchen;2006;91;13;104;109;6;115
AT31;41616;Ottenschlag im Mühlkreis;2006;19;2;21;15;1;16
AT31;41617;Ottensheim;2006;182;20;202;187;18;205
AT31;41618;Puchenau;2006;156;19;175;212;18;230
AT31;41619;Reichenau im Mühlkreis;2006;34;1;35;49;3;52
AT31;41620;Reichenthal;2006;23;7;30;35;15;50
AT31;41621;St. Gotthard im Mühlkreis;2006;37;3;40;54;0;54
AT31;41622;Schenkenfelden;2006;42;6;48;33;1;34
AT31;41623;Sonnberg im Mühlkreis;2006;13;0;13;16;2;18
AT31;41624;Steyregg;2006;219;31;250;228;50;278
AT31;41625;Vorderweißenbach;2006;40;1;41;54;3;57
AT31;41626;Walding;2006;158;9;167;173;11;184
AT31;41627;Zwettl an der Rodl;2006;66;4;70;74;2;76
AT31;41701;Ampflwang im Hausruckwald;2006;144;26;170;136;32;168
AT31;41702;Attersee am Attersee;2006;79;12;91;100;7;107
AT31;41703;Attnang-Puchheim;2006;544;58;602;495;75;570
AT31;41704;Atzbach;2006;30;1;31;18;6;24
AT31;41705;Aurach am Hongar;2006;60;5;65;70;4;74
AT31;41706;Berg im Attergau;2006;40;1;41;46;2;48
AT31;41707;Desselbrunn;2006;58;4;62;46;4;50
AT31;41708;Fornach;2006;28;2;30;38;0;38
AT31;41709;Frankenburg am Hausruck;2006;108;24;132;117;12;129
AT31;41710;Frankenmarkt;2006;126;25;151;167;23;190
AT31;41711;Gampern;2006;93;7;100;91;6;97
AT31;41712;Innerschwand am Mondsee;2006;36;8;44;31;4;35
AT31;41713;Lenzing;2006;207;39;246;253;35;288
AT31;41714;Manning;2006;24;0;24;33;0;33
AT31;41715;Mondsee;2006;255;47;302;243;21;264
AT31;41716;Neukirchen an der Vöckla;2006;95;4;99;92;6;98
AT31;41717;Niederthalheim;2006;29;1;30;33;0;33
AT31;41718;Nußdorf am Attersee;2006;62;14;76;48;6;54
AT31;41719;Oberhofen am Irrsee;2006;90;3;93;55;5;60
AT31;41720;Oberndorf bei Schwanenstadt;2006;49;5;54;39;6;45
AT31;41721;Oberwang;2006;27;8;35;30;2;32
AT31;41722;Ottnang am Hausruck;2006;132;15;147;166;14;180
AT31;41723;Pfaffing;2006;57;2;59;65;3;68
AT31;41724;Pilsbach;2006;17;2;19;23;1;24
AT31;41725;Pitzenberg;2006;15;2;17;15;0;15
AT31;41726;Pöndorf;2006;85;7;92;66;11;77
AT31;41727;Puchkirchen am Trattberg;2006;18;3;21;19;3;22
AT31;41728;Pühret;2006;6;1;7;9;0;9
AT31;41729;Redleiten;2006;7;0;7;8;0;8
AT31;41730;Redlham;2006;66;3;69;56;6;62
AT31;41731;Regau;2006;278;21;299;218;15;233
AT31;41732;Rüstorf;2006;49;7;56;60;9;69
AT31;41733;Rutzenham;2006;10;0;10;8;0;8
AT31;41734;St. Georgen im Attergau;2006;336;1377;1713;1725;53;1778
AT31;41735;St. Lorenz;2006;97;27;124;102;17;119
AT31;41736;Schlatt;2006;53;7;60;65;10;75
AT31;41737;Schörfling am Attersee;2006;158;39;197;180;17;197
AT31;41738;Schwanenstadt;2006;261;45;306;233;31;264
AT31;41739;Seewalchen am Attersee;2006;239;18;257;188;15;203
AT31;41740;Steinbach am Attersee;2006;30;9;39;33;8;41
AT31;41741;Straß im Attergau;2006;62;17;79;77;4;81
AT31;41742;Tiefgraben;2006;181;41;222;138;22;160
AT31;41743;Timelkam;2006;420;63;483;451;39;490
AT31;41744;Ungenach;2006;34;8;42;31;4;35
AT31;41745;Unterach am Attersee;2006;59;22;81;80;13;93
AT31;41746;Vöcklabruck;2006;700;110;810;645;84;729
AT31;41747;Vöcklamarkt;2006;171;18;189;200;7;207
AT31;41748;Weißenkirchen im Attergau;2006;13;3;16;24;0;24
AT31;41749;Weyregg am Attersee;2006;57;3;60;38;8;46
AT31;41750;Wolfsegg am Hausruck;2006;81;10;91;107;10;117
AT31;41751;Zell am Moos;2006;67;34;101;97;9;106
AT31;41752;Zell am Pettenfirst;2006;54;10;64;85;4;89
AT31;41801;Aichkirchen;2006;12;2;14;9;1;10
AT31;41802;Bachmanning;2006;41;3;44;50;4;54
AT31;41803;Bad Wimsbach-Neydharting;2006;104;9;113;71;7;78
AT31;41804;Buchkirchen;2006;155;108;263;172;91;263
AT31;41805;Eberstalzell;2006;84;8;92;61;4;65
AT31;41806;Edt bei Lambach;2006;124;16;140;112;5;117
AT31;41807;Fischlham;2006;53;2;55;33;0;33
AT31;41808;Gunskirchen;2006;254;26;280;201;34;235
AT31;41809;Holzhausen;2006;50;9;59;32;5;37
AT31;41810;Krenglbach;2006;117;14;131;76;7;83
AT31;41811;Lambach;2006;274;32;306;256;29;285
AT31;41812;Marchtrenk;2006;537;81;618;502;75;577
AT31;41813;Neukirchen bei Lambach;2006;20;4;24;28;2;30
AT31;41814;Offenhausen;2006;71;7;78;53;7;60
AT31;41815;Pennewang;2006;11;1;12;14;6;20
AT31;41816;Pichl bei Wels;2006;91;19;110;110;10;120
AT31;41817;Sattledt;2006;57;13;70;97;12;109
AT31;41818;Schleißheim;2006;49;4;53;24;2;26
AT31;41819;Sipbachzell;2006;100;3;103;100;3;103
AT31;41820;Stadl-Paura;2006;291;49;340;271;44;315
AT31;41821;Steinerkirchen an der Traun;2006;88;20;108;83;13;96
AT31;41822;Steinhaus;2006;65;0;65;71;7;78
AT31;41823;Thalheim bei Wels;2006;330;61;391;266;48;314
AT31;41824;Weißkirchen an der Traun;2006;204;77;281;213;16;229
AT31;40101;Linz;2005;7255;2904;10159;7263;1641;8904
AT31;40201;Steyr;2005;1425;552;1977;1671;413;2084
AT31;40301;Wels;2005;2382;855;3237;2422;574;2996
AT31;40401;Altheim;2005;159;29;188;173;15;188
AT31;40402;Aspach;2005;85;2;87;83;6;89
AT31;40403;Auerbach;2005;14;5;19;18;1;19
AT31;40404;Braunau am Inn;2005;580;191;771;581;116;697
AT31;40405;Burgkirchen;2005;113;17;130;128;16;144
AT31;40406;Eggelsberg;2005;85;26;111;90;15;105
AT31;40407;Feldkirchen bei Mattighofen;2005;46;3;49;37;3;40
AT31;40408;Franking;2005;88;53;141;110;11;121
AT31;40409;Geretsberg;2005;67;46;113;105;20;125
AT31;40410;Gilgenberg am Weilhart;2005;36;5;41;45;2;47
AT31;40411;Haigermoos;2005;10;3;13;11;3;14
AT31;40412;Handenberg;2005;51;11;62;21;6;27
AT31;40413;Helpfau-Uttendorf;2005;156;18;174;169;20;189
AT31;40414;Hochburg-Ach;2005;64;72;136;56;33;89
AT31;40415;Höhnhart;2005;29;0;29;43;2;45
AT31;40416;Jeging;2005;31;3;34;45;1;46
AT31;40417;Kirchberg bei Mattighofen;2005;32;4;36;23;0;23
AT31;40418;Lengau;2005;131;34;165;205;25;230
AT31;40419;Lochen am See;2005;71;4;75;65;4;69
AT31;40420;Maria Schmolln;2005;52;10;62;25;5;30
AT31;40421;Mattighofen;2005;317;58;375;250;35;285
AT31;40422;Mauerkirchen;2005;112;23;135;130;13;143
AT31;40423;Mining;2005;32;4;36;29;5;34
AT31;40424;Moosbach;2005;35;10;45;43;3;46
AT31;40425;Moosdorf;2005;78;7;85;61;11;72
AT31;40426;Munderfing;2005;151;11;162;104;3;107
AT31;40427;Neukirchen an der Enknach;2005;60;13;73;80;4;84
AT31;40428;Ostermiething;2005;131;24;155;77;34;111
AT31;40429;Palting;2005;27;5;32;32;2;34
AT31;40430;Perwang am Grabensee;2005;31;0;31;22;2;24
AT31;40431;Pfaffstätt;2005;51;3;54;37;9;46
AT31;40432;Pischelsdorf am Engelbach;2005;50;5;55;52;2;54
AT31;40433;Polling im Innkreis;2005;17;2;19;30;2;32
AT31;40434;Roßbach;2005;33;4;37;31;0;31
AT31;40435;St. Georgen am Fillmannsbach;2005;14;5;19;22;3;25
AT31;40436;St. Johann am Walde;2005;36;7;43;38;11;49
AT31;40437;St. Pantaleon;2005;120;28;148;132;13;145
AT31;40438;St. Peter am Hart;2005;102;52;154;83;47;130
AT31;40439;St. Radegund;2005;6;4;10;15;6;21
AT31;40440;St. Veit im Innkreis;2005;14;2;16;7;0;7
AT31;40441;Schalchen;2005;139;18;157;203;8;211
AT31;40442;Schwand im Innkreis;2005;21;4;25;18;1;19
AT31;40443;Tarsdorf;2005;41;8;49;38;9;47
AT31;40444;Treubach;2005;16;2;18;13;6;19
AT31;40445;Überackern;2005;20;9;29;15;7;22
AT31;40446;Weng im Innkreis;2005;18;4;22;27;8;35
AT31;40501;Alkoven;2005;207;38;245;193;19;212
AT31;40502;Aschach an der Donau;2005;92;21;113;86;7;93
AT31;40503;Eferding;2005;290;37;327;261;19;280
AT31;40504;Fraham;2005;102;20;122;100;4;104
AT31;40505;Haibach ob der Donau;2005;20;0;20;25;1;26
AT31;40506;Hartkirchen;2005;105;13;118;132;5;137
AT31;40507;Hinzenbach;2005;87;37;124;95;35;130
AT31;40508;Prambachkirchen;2005;94;10;104;102;6;108
AT31;40509;Pupping;2005;100;2;102;55;8;63
AT31;40510;St. Marienkirchen an der Polsenz;2005;78;8;86;67;5;72
AT31;40511;Scharten;2005;125;35;160;173;6;179
AT31;40512;Stroheim;2005;29;3;32;52;1;53
AT31;40601;Freistadt;2005;335;57;392;341;36;377
AT31;40602;Grünbach;2005;60;5;65;57;4;61
AT31;40603;Gutau;2005;46;6;52;50;3;53
AT31;40604;Hagenberg im Mühlkreis;2005;94;11;105;104;3;107
AT31;40605;Hirschbach im Mühlkreis;2005;14;0;14;25;2;27
AT31;40606;Kaltenberg;2005;7;0;7;11;0;11
AT31;40607;Kefermarkt;2005;84;24;108;93;10;103
AT31;40608;Königswiesen;2005;48;12;60;69;0;69
AT31;40609;Lasberg;2005;97;12;109;95;11;106
AT31;40610;Leopoldschlag;2005;26;4;30;30;2;32
AT31;40611;Liebenau;2005;23;5;28;40;3;43
AT31;40612;Neumarkt im Mühlkreis;2005;70;10;80;121;5;126
AT31;40613;Pierbach;2005;20;6;26;26;2;28
AT31;40614;Pregarten;2005;194;44;238;150;11;161
AT31;40615;Rainbach im Mühlkreis;2005;78;8;86;75;4;79
AT31;40616;Sandl;2005;34;1;35;38;4;42
AT31;40617;St. Leonhard bei Freistadt;2005;19;0;19;33;0;33
AT31;40618;St. Oswald bei Freistadt;2005;82;1;83;78;7;85
AT31;40619;Schönau im Mühlkreis;2005;35;25;60;45;6;51
AT31;40620;Tragwein;2005;73;10;83;80;6;86
AT31;40621;Unterweißenbach;2005;39;2;41;49;3;52
AT31;40622;Unterweitersdorf;2005;84;4;88;74;5;79
AT31;40623;Waldburg;2005;34;3;37;42;5;47
AT31;40624;Wartberg ob der Aist;2005;129;8;137;131;10;141
AT31;40625;Weitersfelden;2005;32;1;33;31;1;32
AT31;40626;Windhaag bei Freistadt;2005;37;39;76;89;8;97
AT31;40627;Bad Zell;2005;74;14;88;84;6;90
AT31;40701;Altmünster;2005;325;70;395;361;34;395
AT31;40702;Bad Goisern am Hallstättersee;2005;161;39;200;146;41;187
AT31;40703;Bad Ischl;2005;447;152;599;439;85;524
AT31;40704;Ebensee;2005;191;30;221;195;26;221
AT31;40705;Gmunden;2005;670;100;770;711;82;793
AT31;40706;Gosau;2005;46;33;79;70;41;111
AT31;40707;Grünau im Almtal;2005;69;10;79;68;13;81
AT31;40708;Gschwandt;2005;103;6;109;115;3;118
AT31;40709;Hallstatt;2005;24;29;53;48;14;62
AT31;40710;Kirchham;2005;72;6;78;85;1;86
AT31;40711;Laakirchen;2005;418;72;490;343;39;382
AT31;40712;Obertraun;2005;17;13;30;21;9;30
AT31;40713;Ohlsdorf;2005;201;15;216;169;4;173
AT31;40714;Pinsdorf;2005;150;15;165;143;12;155
AT31;40715;Roitham;2005;61;11;72;76;10;86
AT31;40716;St. Konrad;2005;26;14;40;40;1;41
AT31;40717;St. Wolfgang im Salzkammergut;2005;62;38;100;96;33;129
AT31;40718;Traunkirchen;2005;90;20;110;111;13;124
AT31;40719;Scharnstein;2005;176;94;270;153;30;183
AT31;40720;Vorchdorf;2005;219;48;267;232;27;259
AT31;40801;Aistersheim;2005;15;2;17;24;3;27
AT31;40802;Bad Schallerbach;2005;179;26;205;237;23;260
AT31;40803;Bruck-Waasen;2005;74;4;78;52;7;59
AT31;40804;Eschenau im Hausruckkreis;2005;24;0;24;25;0;25
AT31;40805;Gallspach;2005;218;42;260;227;18;245
AT31;40806;Gaspoltshofen;2005;168;23;191;137;16;153
AT31;40807;Geboltskirchen;2005;46;3;49;45;4;49
AT31;40808;Grieskirchen;2005;345;27;372;281;17;298
AT31;40809;Haag am Hausruck;2005;74;19;93;87;9;96
AT31;40810;Heiligenberg;2005;15;0;15;26;0;26
AT31;40811;Hofkirchen an der Trattnach;2005;37;6;43;70;5;75
AT31;40812;Kallham;2005;76;10;86;74;6;80
AT31;40813;Kematen am Innbach;2005;43;3;46;42;4;46
AT31;40814;Meggenhofen;2005;37;2;39;43;1;44
AT31;40815;Michaelnbach;2005;38;2;40;29;5;34
AT31;40816;Natternbach;2005;43;5;48;57;4;61
AT31;40817;Neukirchen am Walde;2005;23;6;29;36;5;41
AT31;40818;Neumarkt im Hausruckkreis;2005;94;11;105;89;14;103
AT31;40819;Peuerbach;2005;101;15;116;91;4;95
AT31;40820;Pötting;2005;3;0;3;14;0;14
AT31;40821;Pollham;2005;23;0;23;29;1;30
AT31;40822;Pram;2005;78;8;86;57;8;65
AT31;40823;Rottenbach;2005;16;9;25;31;2;33
AT31;40824;St. Agatha;2005;38;6;44;49;8;57
AT31;40825;St. Georgen bei Grieskirchen;2005;96;1;97;45;1;46
AT31;40826;St. Thomas;2005;12;0;12;10;0;10
AT31;40827;Schlüßlberg;2005;129;13;142;156;20;176
AT31;40828;Steegen;2005;9;0;9;32;2;34
AT31;40829;Taufkirchen an der Trattnach;2005;89;2;91;83;3;86
AT31;40830;Tollet;2005;26;3;29;26;1;27
AT31;40831;Waizenkirchen;2005;123;26;149;109;8;117
AT31;40832;Wallern an der Trattnach;2005;99;17;116;113;4;117
AT31;40833;Weibern;2005;40;12;52;40;4;44
AT31;40834;Wendling;2005;7;3;10;15;1;16
AT31;40901;Edlbach;2005;27;4;31;24;8;32
AT31;40902;Grünburg;2005;202;18;220;205;21;226
AT31;40903;Hinterstoder;2005;24;0;24;26;3;29
AT31;40904;Inzersdorf im Kremstal;2005;82;13;95;65;3;68
AT31;40905;Kirchdorf an der Krems;2005;254;32;286;300;15;315
AT31;40906;Klaus an der Pyhrnbahn;2005;52;13;65;41;17;58
AT31;40907;Kremsmünster;2005;214;50;264;225;60;285
AT31;40908;Micheldorf in Oberösterreich;2005;301;40;341;261;27;288
AT31;40909;Molln;2005;96;15;111;131;15;146
AT31;40910;Nußbach;2005;76;13;89;77;20;97
AT31;40911;Oberschlierbach;2005;18;10;28;16;9;25
AT31;40912;Pettenbach;2005;123;19;142;164;15;179
AT31;40913;Ried im Traunkreis;2005;117;6;123;93;10;103
AT31;40914;Rosenau am Hengstpaß;2005;42;2;44;40;3;43
AT31;40915;Roßleithen;2005;82;3;85;76;6;82
AT31;40916;St. Pankraz;2005;17;14;31;41;4;45
AT31;40917;Schlierbach;2005;131;12;143;150;17;167
AT31;40918;Spital am Pyhrn;2005;47;13;60;77;11;88
AT31;40919;Steinbach am Ziehberg;2005;28;1;29;14;4;18
AT31;40920;Steinbach an der Steyr;2005;62;4;66;62;3;65
AT31;40921;Vorderstoder;2005;37;3;40;23;2;25
AT31;40922;Wartberg an der Krems;2005;90;12;102;128;8;136
AT31;40923;Windischgarsten;2005;123;19;142;83;19;102
AT31;41001;Allhaming;2005;32;9;41;42;2;44
AT31;41002;Ansfelden;2005;851;215;1066;802;100;902
AT31;41003;Asten;2005;383;51;434;403;33;436
AT31;41004;Eggendorf im Traunkreis;2005;19;2;21;37;0;37
AT31;41005;Enns;2005;554;96;650;599;43;642
AT31;41006;Hargelsberg;2005;59;5;64;52;7;59
AT31;41007;Hörsching;2005;250;50;300;254;23;277
AT31;41008;Hofkirchen im Traunkreis;2005;80;2;82;65;1;66
AT31;41009;Kematen an der Krems;2005;152;13;165;111;17;128
AT31;41010;Kirchberg-Thening;2005;119;9;128;92;8;100
AT31;41011;Kronstorf;2005;134;24;158;130;14;144
AT31;41012;Leonding;2005;1584;178;1762;1328;108;1436
AT31;41013;St. Florian;2005;264;25;289;245;11;256
AT31;41014;Neuhofen an der Krems;2005;234;39;273;245;24;269
AT31;41015;Niederneukirchen;2005;68;36;104;113;7;120
AT31;41016;Oftering;2005;60;6;66;84;1;85
AT31;41017;Pasching;2005;379;59;438;362;36;398
AT31;41018;Piberbach;2005;81;11;92;77;3;80
AT31;41019;Pucking;2005;135;17;152;139;7;146
AT31;41020;St. Marien;2005;170;21;191;195;4;199
AT31;41021;Traun;2005;1126;392;1518;1327;212;1539
AT31;41022;Wilhering;2005;225;42;267;217;24;241
AT31;41101;Allerheiligen im Mühlkreis;2005;38;2;40;40;3;43
AT31;41102;Arbing;2005;48;11;59;51;4;55
AT31;41103;Baumgartenberg;2005;62;16;78;67;6;73
AT31;41104;Dimbach;2005;12;0;12;37;1;38
AT31;41105;Grein;2005;110;25;135;122;11;133
AT31;41106;Katsdorf;2005;112;2;114;106;1;107
AT31;41107;Klam;2005;49;2;51;21;1;22
AT31;41108;Bad Kreuzen;2005;351;273;624;565;25;590
AT31;41109;Langenstein;2005;131;20;151;176;5;181
AT31;41110;Luftenberg an der Donau;2005;140;16;156;155;9;164
AT31;41111;Mauthausen;2005;233;43;276;240;33;273
AT31;41112;Mitterkirchen im Machland;2005;34;3;37;72;1;73
AT31;41113;Münzbach;2005;37;7;44;50;5;55
AT31;41114;Naarn im Machlande;2005;98;16;114;141;16;157
AT31;41115;Pabneukirchen;2005;53;2;55;64;0;64
AT31;41116;Perg;2005;319;93;412;291;38;329
AT31;41117;Rechberg;2005;49;13;62;34;5;39
AT31;41118;Ried in der Riedmark;2005;150;3;153;134;0;134
AT31;41119;St. Georgen am Walde;2005;18;4;22;45;1;46
AT31;41120;St. Georgen an der Gusen;2005;151;16;167;152;14;166
AT31;41121;St. Nikola an der Donau;2005;102;84;186;220;4;224
AT31;41122;St. Thomas am Blasenstein;2005;13;0;13;28;2;30
AT31;41123;Saxen;2005;64;4;68;63;4;67
AT31;41124;Schwertberg;2005;206;17;223;209;13;222
AT31;41125;Waldhausen im Strudengau;2005;60;30;90;140;3;143
AT31;41126;Windhaag bei Perg;2005;59;14;73;47;2;49
AT31;41201;Andrichsfurt;2005;22;1;23;29;3;32
AT31;41202;Antiesenhofen;2005;47;8;55;34;4;38
AT31;41203;Aurolzmünster;2005;202;11;213;146;14;160
AT31;41204;Eberschwang;2005;67;20;87;85;15;100
AT31;41205;Eitzing;2005;41;13;54;35;6;41
AT31;41206;Geiersberg;2005;22;0;22;18;2;20
AT31;41207;Geinberg;2005;42;11;53;48;3;51
AT31;41208;Gurten;2005;39;4;43;54;6;60
AT31;41209;Hohenzell;2005;69;14;83;64;7;71
AT31;41210;Kirchdorf am Inn;2005;22;4;26;27;2;29
AT31;41211;Kirchheim im Innkreis;2005;9;2;11;18;2;20
AT31;41212;Lambrechten;2005;25;1;26;28;0;28
AT31;41213;Lohnsburg am Kobernaußerwald;2005;61;6;67;56;5;61
AT31;41214;Mehrnbach;2005;97;6;103;86;12;98
AT31;41215;Mettmach;2005;52;11;63;48;3;51
AT31;41216;Mörschwang;2005;6;0;6;7;0;7
AT31;41217;Mühlheim am Inn;2005;22;7;29;12;4;16
AT31;41218;Neuhofen im Innkreis;2005;63;7;70;76;6;82
AT31;41219;Obernberg am Inn;2005;76;30;106;103;14;117
AT31;41220;Ort im Innkreis;2005;52;23;75;61;6;67
AT31;41221;Pattigham;2005;20;2;22;40;0;40
AT31;41222;Peterskirchen;2005;18;0;18;23;3;26
AT31;41223;Pramet;2005;31;6;37;35;0;35
AT31;41224;Reichersberg;2005;59;27;86;84;26;110
AT31;41225;Ried im Innkreis;2005;638;95;733;625;44;669
AT31;41226;St. Georgen bei Obernberg am Inn;2005;23;5;28;23;3;26
AT31;41227;St. Marienkirchen am Hausruck;2005;17;1;18;22;0;22
AT31;41228;St. Martin im Innkreis;2005;82;12;94;76;6;82
AT31;41229;Schildorn;2005;29;0;29;24;0;24
AT31;41230;Senftenbach;2005;26;0;26;29;0;29
AT31;41231;Taiskirchen im Innkreis;2005;79;14;93;94;15;109
AT31;41232;Tumeltsham;2005;65;5;70;43;7;50
AT31;41233;Utzenaich;2005;72;25;97;79;11;90
AT31;41234;Waldzell;2005;58;6;64;73;10;83
AT31;41235;Weilbach;2005;22;4;26;23;2;25
AT31;41236;Wippenham;2005;18;2;20;37;2;39
AT31;41301;Afiesl;2005;8;0;8;6;0;6
AT31;41302;Ahorn;2005;12;0;12;14;2;16
AT31;41304;Altenfelden;2005;55;3;58;83;5;88
AT31;41305;Arnreit;2005;26;2;28;23;0;23
AT31;41306;Atzesberg;2005;8;1;9;10;1;11
AT31;41307;Auberg;2005;8;0;8;9;0;9
AT31;41309;Haslach an der Mühl;2005;87;5;92;67;4;71
AT31;41310;Helfenberg;2005;31;2;33;40;1;41
AT31;41311;Hörbich;2005;3;0;3;12;0;12
AT31;41312;Hofkirchen im Mühlkreis;2005;36;4;40;47;2;49
AT31;41313;Julbach;2005;18;5;23;38;1;39
AT31;41314;Kirchberg ob der Donau;2005;30;0;30;41;3;44
AT31;41315;Klaffer am Hochficht;2005;32;5;37;26;1;27
AT31;41316;Kleinzell im Mühlkreis;2005;46;7;53;36;1;37
AT31;41317;Kollerschlag;2005;21;4;25;37;7;44
AT31;41318;Lembach im Mühlkreis;2005;78;17;95;67;7;74
AT31;41319;Lichtenau im Mühlkreis;2005;22;1;23;17;3;20
AT31;41320;Nebelberg;2005;6;0;6;16;0;16
AT31;41321;Neufelden;2005;69;40;109;123;2;125
AT31;41322;Niederkappel;2005;28;2;30;26;1;27
AT31;41323;Niederwaldkirchen;2005;41;1;42;57;2;59
AT31;41324;Oberkappel;2005;42;19;61;57;1;58
AT31;41325;Oepping;2005;47;5;52;53;3;56
AT31;41326;Peilstein im Mühlviertel;2005;32;3;35;51;2;53
AT31;41327;Pfarrkirchen im Mühlkreis;2005;39;19;58;28;6;34
AT31;41328;Putzleinsdorf;2005;60;28;88;84;9;93
AT31;41329;Neustift im Mühlkreis;2005;24;5;29;35;3;38
AT31;41331;St. Johann am Wimberg;2005;14;0;14;31;2;33
AT31;41332;St. Martin im Mühlkreis;2005;79;8;87;102;4;106
AT31;41333;St. Oswald bei Haslach;2005;22;1;23;27;0;27
AT31;41334;St. Peter am Wimberg;2005;20;3;23;38;0;38
AT31;41335;St. Stefan am Walde;2005;14;16;30;40;1;41
AT31;41336;St. Ulrich im Mühlkreis;2005;44;2;46;30;0;30
AT31;41337;St. Veit im Mühlkreis;2005;33;3;36;22;6;28
AT31;41338;Sarleinsbach;2005;45;3;48;57;4;61
AT31;41340;Schönegg;2005;22;1;23;21;1;22
AT31;41341;Schwarzenberg am Böhmerwald;2005;19;12;31;16;7;23
AT31;41342;Ulrichsberg;2005;73;8;81;81;3;84
AT31;41343;Aigen-Schlägl;2005;105;14;119;109;16;125
AT31;41344;Rohrbach-Berg;2005;212;15;227;180;9;189
AT31;41401;Altschwendt;2005;12;4;16;31;2;33
AT31;41402;Andorf;2005;161;24;185;133;14;147
AT31;41403;Brunnenthal;2005;92;10;102;90;20;110
AT31;41404;Diersbach;2005;31;1;32;55;8;63
AT31;41405;Dorf an der Pram;2005;23;1;24;26;0;26
AT31;41406;Eggerding;2005;20;7;27;34;6;40
AT31;41407;Engelhartszell;2005;46;16;62;50;7;57
AT31;41408;Enzenkirchen;2005;67;4;71;40;4;44
AT31;41409;Esternberg;2005;34;11;45;54;10;64
AT31;41410;Freinberg;2005;26;22;48;34;18;52
AT31;41411;Kopfing im Innkreis;2005;59;13;72;61;9;70
AT31;41412;Mayrhof;2005;5;1;6;18;0;18
AT31;41413;Münzkirchen;2005;53;5;58;86;3;89
AT31;41414;Raab;2005;88;11;99;77;14;91
AT31;41415;Rainbach im Innkreis;2005;28;3;31;39;4;43
AT31;41416;Riedau;2005;79;9;88;95;5;100
AT31;41417;St. Aegidi;2005;40;3;43;41;1;42
AT31;41418;St. Florian am Inn;2005;158;24;182;135;22;157
AT31;41419;St. Marienkirchen bei Schärding;2005;40;7;47;52;2;54
AT31;41420;St. Roman;2005;26;6;32;31;7;38
AT31;41421;St. Willibald;2005;20;4;24;42;2;44
AT31;41422;Schärding;2005;299;72;371;307;79;386
AT31;41423;Schardenberg;2005;46;29;75;58;33;91
AT31;41424;Sigharting;2005;37;1;38;40;0;40
AT31;41425;Suben;2005;155;48;203;150;47;197
AT31;41426;Taufkirchen an der Pram;2005;80;6;86;98;10;108
AT31;41427;Vichtenstein;2005;78;39;117;114;16;130
AT31;41428;Waldkirchen am Wesen;2005;25;0;25;30;4;34
AT31;41429;Wernstein am Inn;2005;32;11;43;48;15;63
AT31;41430;Zell an der Pram;2005;68;3;71;82;1;83
AT31;41501;Adlwang;2005;55;3;58;69;3;72
AT31;41502;Aschach an der Steyr;2005;76;6;82;65;3;68
AT31;41503;Bad Hall;2005;261;37;298;185;14;199
AT31;41504;Dietach;2005;135;16;151;145;5;150
AT31;41505;Gaflenz;2005;36;4;40;37;4;41
AT31;41506;Garsten;2005;350;44;394;301;39;340
AT31;41507;Großraming;2005;39;6;45;71;1;72
AT31;41508;Laussa;2005;48;3;51;58;3;61
AT31;41509;Losenstein;2005;52;1;53;57;3;60
AT31;41510;Maria Neustift;2005;25;1;26;41;0;41
AT31;41511;Pfarrkirchen bei Bad Hall;2005;81;7;88;96;7;103
AT31;41512;Reichraming;2005;34;6;40;59;4;63
AT31;41513;Rohr im Kremstal;2005;38;4;42;52;1;53
AT31;41514;St. Ulrich bei Steyr;2005;156;6;162;139;7;146
AT31;41515;Schiedlberg;2005;39;44;83;35;36;71
AT31;41516;Sierning;2005;446;78;524;321;39;360
AT31;41517;Ternberg;2005;108;12;120;101;12;113
AT31;41518;Waldneukirchen;2005;61;13;74;60;10;70
AT31;41521;Wolfern;2005;127;7;134;108;17;125
AT31;41522;Weyer;2005;111;32;143;150;29;179
AT31;41601;Alberndorf in der Riedmark;2005;144;4;148;99;4;103
AT31;41602;Altenberg bei Linz;2005;126;11;137;144;14;158
AT31;41603;Bad Leonfelden;2005;110;15;125;93;12;105
AT31;41604;Eidenberg;2005;62;2;64;45;1;46
AT31;41605;Engerwitzdorf;2005;439;27;466;296;17;313
AT31;41606;Feldkirchen an der Donau;2005;173;32;205;136;37;173
AT31;41607;Gallneukirchen;2005;265;36;301;275;20;295
AT31;41608;Goldwörth;2005;25;1;26;22;3;25
AT31;41609;Gramastetten;2005;138;12;150;220;12;232
AT31;41610;Haibach im Mühlkreis;2005;22;4;26;25;0;25
AT31;41611;Hellmonsödt;2005;82;12;94;77;4;81
AT31;41612;Herzogsdorf;2005;59;1;60;76;4;80
AT31;41613;Kirchschlag bei Linz;2005;93;31;124;87;13;100
AT31;41614;Lichtenberg;2005;100;8;108;67;11;78
AT31;41615;Oberneukirchen;2005;79;13;92;80;5;85
AT31;41616;Ottenschlag im Mühlkreis;2005;16;1;17;15;0;15
AT31;41617;Ottensheim;2005;199;18;217;167;8;175
AT31;41618;Puchenau;2005;176;20;196;187;19;206
AT31;41619;Reichenau im Mühlkreis;2005;54;3;57;40;5;45
AT31;41620;Reichenthal;2005;48;6;54;39;2;41
AT31;41621;St. Gotthard im Mühlkreis;2005;56;2;58;48;2;50
AT31;41622;Schenkenfelden;2005;31;4;35;35;1;36
AT31;41623;Sonnberg im Mühlkreis;2005;24;1;25;20;0;20
AT31;41624;Steyregg;2005;228;39;267;223;39;262
AT31;41625;Vorderweißenbach;2005;33;4;37;54;1;55
AT31;41626;Walding;2005;262;15;277;214;3;217
AT31;41627;Zwettl an der Rodl;2005;62;5;67;106;3;109
AT31;41701;Ampflwang im Hausruckwald;2005;131;31;162;132;9;141
AT31;41702;Attersee am Attersee;2005;118;4;122;74;6;80
AT31;41703;Attnang-Puchheim;2005;452;105;557;513;47;560
AT31;41704;Atzbach;2005;33;2;35;43;1;44
AT31;41705;Aurach am Hongar;2005;52;4;56;59;3;62
AT31;41706;Berg im Attergau;2005;39;6;45;55;3;58
AT31;41707;Desselbrunn;2005;40;8;48;52;5;57
AT31;41708;Fornach;2005;32;3;35;25;0;25
AT31;41709;Frankenburg am Hausruck;2005;105;24;129;154;18;172
AT31;41710;Frankenmarkt;2005;143;48;191;142;11;153
AT31;41711;Gampern;2005;98;9;107;106;3;109
AT31;41712;Innerschwand am Mondsee;2005;36;11;47;29;5;34
AT31;41713;Lenzing;2005;273;60;333;233;38;271
AT31;41714;Manning;2005;24;3;27;33;2;35
AT31;41715;Mondsee;2005;213;66;279;225;38;263
AT31;41716;Neukirchen an der Vöckla;2005;91;7;98;98;5;103
AT31;41717;Niederthalheim;2005;13;0;13;29;0;29
AT31;41718;Nußdorf am Attersee;2005;34;15;49;42;7;49
AT31;41719;Oberhofen am Irrsee;2005;90;7;97;44;8;52
AT31;41720;Oberndorf bei Schwanenstadt;2005;61;5;66;53;5;58
AT31;41721;Oberwang;2005;36;6;42;31;5;36
AT31;41722;Ottnang am Hausruck;2005;163;28;191;147;9;156
AT31;41723;Pfaffing;2005;55;4;59;62;2;64
AT31;41724;Pilsbach;2005;18;2;20;13;1;14
AT31;41725;Pitzenberg;2005;13;3;16;23;0;23
AT31;41726;Pöndorf;2005;85;13;98;75;7;82
AT31;41727;Puchkirchen am Trattberg;2005;34;1;35;32;0;32
AT31;41728;Pühret;2005;10;0;10;13;1;14
AT31;41729;Redleiten;2005;19;0;19;10;1;11
AT31;41730;Redlham;2005;71;7;78;37;1;38
AT31;41731;Regau;2005;305;17;322;252;10;262
AT31;41732;Rüstorf;2005;69;7;76;59;9;68
AT31;41733;Rutzenham;2005;8;0;8;2;0;2
AT31;41734;St. Georgen im Attergau;2005;196;1643;1839;1758;52;1810
AT31;41735;St. Lorenz;2005;127;14;141;116;12;128
AT31;41736;Schlatt;2005;36;9;45;52;1;53
AT31;41737;Schörfling am Attersee;2005;166;23;189;167;23;190
AT31;41738;Schwanenstadt;2005;257;48;305;236;23;259
AT31;41739;Seewalchen am Attersee;2005;225;23;248;208;11;219
AT31;41740;Steinbach am Attersee;2005;45;6;51;25;9;34
AT31;41741;Straß im Attergau;2005;83;16;99;136;13;149
AT31;41742;Tiefgraben;2005;170;33;203;131;28;159
AT31;41743;Timelkam;2005;322;93;415;428;29;457
AT31;41744;Ungenach;2005;57;2;59;49;2;51
AT31;41745;Unterach am Attersee;2005;69;16;85;70;5;75
AT31;41746;Vöcklabruck;2005;771;144;915;633;61;694
AT31;41747;Vöcklamarkt;2005;177;14;191;162;15;177
AT31;41748;Weißenkirchen im Attergau;2005;23;3;26;21;1;22
AT31;41749;Weyregg am Attersee;2005;45;6;51;40;3;43
AT31;41750;Wolfsegg am Hausruck;2005;99;26;125;115;4;119
AT31;41751;Zell am Moos;2005;63;32;95;84;14;98
AT31;41752;Zell am Pettenfirst;2005;36;10;46;40;3;43
AT31;41801;Aichkirchen;2005;23;2;25;13;0;13
AT31;41802;Bachmanning;2005;23;5;28;38;1;39
AT31;41803;Bad Wimsbach-Neydharting;2005;90;13;103;113;15;128
AT31;41804;Buchkirchen;2005;130;97;227;172;105;277
AT31;41805;Eberstalzell;2005;70;5;75;49;6;55
AT31;41806;Edt bei Lambach;2005;96;7;103;102;9;111
AT31;41807;Fischlham;2005;47;2;49;43;1;44
AT31;41808;Gunskirchen;2005;196;36;232;165;30;195
AT31;41809;Holzhausen;2005;58;4;62;38;6;44
AT31;41810;Krenglbach;2005;138;16;154;96;14;110
AT31;41811;Lambach;2005;235;51;286;250;24;274
AT31;41812;Marchtrenk;2005;518;110;628;520;74;594
AT31;41813;Neukirchen bei Lambach;2005;44;3;47;24;3;27
AT31;41814;Offenhausen;2005;74;7;81;50;8;58
AT31;41815;Pennewang;2005;19;0;19;25;0;25
AT31;41816;Pichl bei Wels;2005;91;16;107;137;11;148
AT31;41817;Sattledt;2005;93;14;107;96;12;108
AT31;41818;Schleißheim;2005;94;3;97;46;2;48
AT31;41819;Sipbachzell;2005;53;10;63;76;3;79
AT31;41820;Stadl-Paura;2005;230;45;275;261;59;320
AT31;41821;Steinerkirchen an der Traun;2005;80;13;93;50;12;62
AT31;41822;Steinhaus;2005;53;12;65;66;5;71
AT31;41823;Thalheim bei Wels;2005;369;76;445;300;86;386
AT31;41824;Weißkirchen an der Traun;2005;205;87;292;213;38;251
AT31;40101;Linz;2004;7098;3393;10491;6864;2092;8956
AT31;40201;Steyr;2004;1270;603;1873;1574;472;2046
AT31;40301;Wels;2004;2210;939;3149;2338;617;2955
AT31;40401;Altheim;2004;172;20;192;187;22;209
AT31;40402;Aspach;2004;78;10;88;70;2;72
AT31;40403;Auerbach;2004;22;8;30;21;2;23
AT31;40404;Braunau am Inn;2004;541;196;737;493;155;648
AT31;40405;Burgkirchen;2004;101;22;123;127;6;133
AT31;40406;Eggelsberg;2004;92;31;123;65;11;76
AT31;40407;Feldkirchen bei Mattighofen;2004;81;7;88;65;5;70
AT31;40408;Franking;2004;53;42;95;97;13;110
AT31;40409;Geretsberg;2004;69;30;99;82;14;96
AT31;40410;Gilgenberg am Weilhart;2004;39;9;48;32;1;33
AT31;40411;Haigermoos;2004;26;7;33;21;5;26
AT31;40412;Handenberg;2004;30;30;60;57;9;66
AT31;40413;Helpfau-Uttendorf;2004;210;26;236;202;15;217
AT31;40414;Hochburg-Ach;2004;59;58;117;70;29;99
AT31;40415;Höhnhart;2004;32;6;38;42;2;44
AT31;40416;Jeging;2004;46;7;53;36;0;36
AT31;40417;Kirchberg bei Mattighofen;2004;32;1;33;23;2;25
AT31;40418;Lengau;2004;120;24;144;159;14;173
AT31;40419;Lochen am See;2004;45;9;54;71;6;77
AT31;40420;Maria Schmolln;2004;49;4;53;44;2;46
AT31;40421;Mattighofen;2004;355;90;445;296;44;340
AT31;40422;Mauerkirchen;2004;157;20;177;139;19;158
AT31;40423;Mining;2004;30;8;38;28;5;33
AT31;40424;Moosbach;2004;37;5;42;44;0;44
AT31;40425;Moosdorf;2004;50;15;65;49;11;60
AT31;40426;Munderfing;2004;102;13;115;123;4;127
AT31;40427;Neukirchen an der Enknach;2004;87;6;93;61;2;63
AT31;40428;Ostermiething;2004;192;17;209;92;12;104
AT31;40429;Palting;2004;20;8;28;40;3;43
AT31;40430;Perwang am Grabensee;2004;39;3;42;23;1;24
AT31;40431;Pfaffstätt;2004;56;3;59;65;10;75
AT31;40432;Pischelsdorf am Engelbach;2004;47;13;60;66;4;70
AT31;40433;Polling im Innkreis;2004;40;4;44;37;6;43
AT31;40434;Roßbach;2004;21;2;23;24;9;33
AT31;40435;St. Georgen am Fillmannsbach;2004;30;0;30;17;1;18
AT31;40436;St. Johann am Walde;2004;44;7;51;38;3;41
AT31;40437;St. Pantaleon;2004;108;27;135;140;23;163
AT31;40438;St. Peter am Hart;2004;88;142;230;84;56;140
AT31;40439;St. Radegund;2004;12;5;17;13;1;14
AT31;40440;St. Veit im Innkreis;2004;7;1;8;10;0;10
AT31;40441;Schalchen;2004;206;26;232;196;15;211
AT31;40442;Schwand im Innkreis;2004;24;0;24;29;1;30
AT31;40443;Tarsdorf;2004;34;11;45;28;6;34
AT31;40444;Treubach;2004;6;1;7;11;1;12
AT31;40445;Überackern;2004;14;13;27;35;7;42
AT31;40446;Weng im Innkreis;2004;35;3;38;42;0;42
AT31;40501;Alkoven;2004;170;25;195;180;31;211
AT31;40502;Aschach an der Donau;2004;90;28;118;109;16;125
AT31;40503;Eferding;2004;166;72;238;183;14;197
AT31;40504;Fraham;2004;103;8;111;76;5;81
AT31;40505;Haibach ob der Donau;2004;23;0;23;32;3;35
AT31;40506;Hartkirchen;2004;108;25;133;125;6;131
AT31;40507;Hinzenbach;2004;95;49;144;136;38;174
AT31;40508;Prambachkirchen;2004;97;11;108;87;9;96
AT31;40509;Pupping;2004;134;17;151;50;4;54
AT31;40510;St. Marienkirchen an der Polsenz;2004;76;8;84;63;4;67
AT31;40511;Scharten;2004;146;31;177;109;10;119
AT31;40512;Stroheim;2004;27;5;32;49;0;49
AT31;40601;Freistadt;2004;270;66;336;388;19;407
AT31;40602;Grünbach;2004;44;10;54;55;3;58
AT31;40603;Gutau;2004;81;9;90;70;2;72
AT31;40604;Hagenberg im Mühlkreis;2004;85;7;92;105;3;108
AT31;40605;Hirschbach im Mühlkreis;2004;25;1;26;36;2;38
AT31;40606;Kaltenberg;2004;6;0;6;17;0;17
AT31;40607;Kefermarkt;2004;60;13;73;64;6;70
AT31;40608;Königswiesen;2004;78;10;88;85;0;85
AT31;40609;Lasberg;2004;110;8;118;66;10;76
AT31;40610;Leopoldschlag;2004;26;8;34;37;2;39
AT31;40611;Liebenau;2004;28;6;34;36;2;38
AT31;40612;Neumarkt im Mühlkreis;2004;119;16;135;104;13;117
AT31;40613;Pierbach;2004;22;18;40;31;1;32
AT31;40614;Pregarten;2004;146;9;155;156;12;168
AT31;40615;Rainbach im Mühlkreis;2004;75;7;82;69;7;76
AT31;40616;Sandl;2004;29;6;35;39;1;40
AT31;40617;St. Leonhard bei Freistadt;2004;29;2;31;38;0;38
AT31;40618;St. Oswald bei Freistadt;2004;57;11;68;43;9;52
AT31;40619;Schönau im Mühlkreis;2004;41;6;47;45;2;47
AT31;40620;Tragwein;2004;101;6;107;67;4;71
AT31;40621;Unterweißenbach;2004;38;2;40;63;1;64
AT31;40622;Unterweitersdorf;2004;71;2;73;55;3;58
AT31;40623;Waldburg;2004;47;6;53;35;0;35
AT31;40624;Wartberg ob der Aist;2004;158;15;173;149;12;161
AT31;40625;Weitersfelden;2004;22;2;24;27;0;27
AT31;40626;Windhaag bei Freistadt;2004;39;39;78;82;13;95
AT31;40627;Bad Zell;2004;46;59;105;65;6;71
AT31;40701;Altmünster;2004;420;85;505;355;62;417
AT31;40702;Bad Goisern am Hallstättersee;2004;180;40;220;253;21;274
AT31;40703;Bad Ischl;2004;492;109;601;518;80;598
AT31;40704;Ebensee;2004;226;47;273;207;34;241
AT31;40705;Gmunden;2004;750;116;866;657;80;737
AT31;40706;Gosau;2004;66;43;109;50;16;66
AT31;40707;Grünau im Almtal;2004;55;24;79;87;23;110
AT31;40708;Gschwandt;2004;95;6;101;107;6;113
AT31;40709;Hallstatt;2004;31;27;58;40;4;44
AT31;40710;Kirchham;2004;60;2;62;78;1;79
AT31;40711;Laakirchen;2004;364;83;447;422;42;464
AT31;40712;Obertraun;2004;31;12;43;38;5;43
AT31;40713;Ohlsdorf;2004;220;7;227;180;6;186
AT31;40714;Pinsdorf;2004;170;14;184;140;24;164
AT31;40715;Roitham;2004;69;6;75;54;5;59
AT31;40716;St. Konrad;2004;31;7;38;33;5;38
AT31;40717;St. Wolfgang im Salzkammergut;2004;83;41;124;79;25;104
AT31;40718;Traunkirchen;2004;100;27;127;144;11;155
AT31;40719;Scharnstein;2004;146;70;216;107;20;127
AT31;40720;Vorchdorf;2004;198;45;243;235;31;266
AT31;40801;Aistersheim;2004;27;1;28;25;2;27
AT31;40802;Bad Schallerbach;2004;184;27;211;223;31;254
AT31;40803;Bruck-Waasen;2004;72;5;77;82;4;86
AT31;40804;Eschenau im Hausruckkreis;2004;12;2;14;32;0;32
AT31;40805;Gallspach;2004;208;37;245;170;22;192
AT31;40806;Gaspoltshofen;2004;114;11;125;111;9;120
AT31;40807;Geboltskirchen;2004;34;8;42;60;2;62
AT31;40808;Grieskirchen;2004;194;50;244;212;18;230
AT31;40809;Haag am Hausruck;2004;104;19;123;101;7;108
AT31;40810;Heiligenberg;2004;9;2;11;10;1;11
AT31;40811;Hofkirchen an der Trattnach;2004;46;3;49;54;7;61
AT31;40812;Kallham;2004;72;9;81;77;9;86
AT31;40813;Kematen am Innbach;2004;63;3;66;45;1;46
AT31;40814;Meggenhofen;2004;45;3;48;34;1;35
AT31;40815;Michaelnbach;2004;21;7;28;20;3;23
AT31;40816;Natternbach;2004;40;7;47;53;11;64
AT31;40817;Neukirchen am Walde;2004;14;3;17;49;3;52
AT31;40818;Neumarkt im Hausruckkreis;2004;81;23;104;75;3;78
AT31;40819;Peuerbach;2004;118;8;126;98;0;98
AT31;40820;Pötting;2004;9;0;9;17;1;18
AT31;40821;Pollham;2004;50;1;51;25;1;26
AT31;40822;Pram;2004;53;13;66;53;6;59
AT31;40823;Rottenbach;2004;19;8;27;30;3;33
AT31;40824;St. Agatha;2004;26;0;26;34;2;36
AT31;40825;St. Georgen bei Grieskirchen;2004;31;2;33;34;3;37
AT31;40826;St. Thomas;2004;7;0;7;12;0;12
AT31;40827;Schlüßlberg;2004;130;14;144;115;10;125
AT31;40828;Steegen;2004;14;2;16;35;4;39
AT31;40829;Taufkirchen an der Trattnach;2004;55;8;63;73;5;78
AT31;40830;Tollet;2004;22;1;23;32;0;32
AT31;40831;Waizenkirchen;2004;87;7;94;99;5;104
AT31;40832;Wallern an der Trattnach;2004;100;12;112;123;4;127
AT31;40833;Weibern;2004;33;2;35;38;1;39
AT31;40834;Wendling;2004;8;0;8;12;1;13
AT31;40901;Edlbach;2004;30;13;43;26;17;43
AT31;40902;Grünburg;2004;205;43;248;208;15;223
AT31;40903;Hinterstoder;2004;33;2;35;38;9;47
AT31;40904;Inzersdorf im Kremstal;2004;75;13;88;98;5;103
AT31;40905;Kirchdorf an der Krems;2004;269;25;294;216;16;232
AT31;40906;Klaus an der Pyhrnbahn;2004;47;22;69;46;19;65
AT31;40907;Kremsmünster;2004;195;60;255;221;51;272
AT31;40908;Micheldorf in Oberösterreich;2004;221;74;295;237;45;282
AT31;40909;Molln;2004;113;29;142;142;10;152
AT31;40910;Nußbach;2004;95;16;111;94;5;99
AT31;40911;Oberschlierbach;2004;22;6;28;24;3;27
AT31;40912;Pettenbach;2004;162;24;186;143;14;157
AT31;40913;Ried im Traunkreis;2004;129;10;139;105;9;114
AT31;40914;Rosenau am Hengstpaß;2004;30;4;34;38;5;43
AT31;40915;Roßleithen;2004;84;10;94;98;3;101
AT31;40916;St. Pankraz;2004;17;18;35;20;2;22
AT31;40917;Schlierbach;2004;127;21;148;136;17;153
AT31;40918;Spital am Pyhrn;2004;72;17;89;100;11;111
AT31;40919;Steinbach am Ziehberg;2004;27;3;30;36;3;39
AT31;40920;Steinbach an der Steyr;2004;46;2;48;70;4;74
AT31;40921;Vorderstoder;2004;26;2;28;35;1;36
AT31;40922;Wartberg an der Krems;2004;66;12;78;101;7;108
AT31;40923;Windischgarsten;2004;144;50;194;78;15;93
AT31;41001;Allhaming;2004;37;1;38;48;3;51
AT31;41002;Ansfelden;2004;726;133;859;736;99;835
AT31;41003;Asten;2004;276;56;332;367;27;394
AT31;41004;Eggendorf im Traunkreis;2004;26;4;30;28;1;29
AT31;41005;Enns;2004;502;129;631;517;44;561
AT31;41006;Hargelsberg;2004;40;8;48;43;5;48
AT31;41007;Hörsching;2004;235;35;270;234;24;258
AT31;41008;Hofkirchen im Traunkreis;2004;84;1;85;65;5;70
AT31;41009;Kematen an der Krems;2004;113;8;121;99;6;105
AT31;41010;Kirchberg-Thening;2004;70;17;87;63;6;69
AT31;41011;Kronstorf;2004;137;18;155;108;20;128
AT31;41012;Leonding;2004;1269;170;1439;1284;102;1386
AT31;41013;St. Florian;2004;229;18;247;232;10;242
AT31;41014;Neuhofen an der Krems;2004;277;46;323;247;20;267
AT31;41015;Niederneukirchen;2004;120;13;133;66;2;68
AT31;41016;Oftering;2004;90;7;97;58;5;63
AT31;41017;Pasching;2004;399;59;458;334;39;373
AT31;41018;Piberbach;2004;92;6;98;60;10;70
AT31;41019;Pucking;2004;184;10;194;108;7;115
AT31;41020;St. Marien;2004;148;11;159;158;6;164
AT31;41021;Traun;2004;1101;384;1485;1221;229;1450
AT31;41022;Wilhering;2004;243;33;276;208;34;242
AT31;41101;Allerheiligen im Mühlkreis;2004;53;4;57;36;3;39
AT31;41102;Arbing;2004;70;2;72;47;2;49
AT31;41103;Baumgartenberg;2004;68;5;73;91;4;95
AT31;41104;Dimbach;2004;23;4;27;34;0;34
AT31;41105;Grein;2004;106;18;124;114;5;119
AT31;41106;Katsdorf;2004;103;16;119;116;7;123
AT31;41107;Klam;2004;37;4;41;24;3;27
AT31;41108;Bad Kreuzen;2004;250;253;503;406;28;434
AT31;41109;Langenstein;2004;121;6;127;129;5;134
AT31;41110;Luftenberg an der Donau;2004;140;14;154;150;5;155
AT31;41111;Mauthausen;2004;270;42;312;250;41;291
AT31;41112;Mitterkirchen im Machland;2004;53;0;53;67;8;75
AT31;41113;Münzbach;2004;38;9;47;50;1;51
AT31;41114;Naarn im Machlande;2004;93;9;102;114;11;125
AT31;41115;Pabneukirchen;2004;25;3;28;36;2;38
AT31;41116;Perg;2004;321;77;398;322;54;376
AT31;41117;Rechberg;2004;30;20;50;28;6;34
AT31;41118;Ried in der Riedmark;2004;141;9;150;112;1;113
AT31;41119;St. Georgen am Walde;2004;20;21;41;42;6;48
AT31;41120;St. Georgen an der Gusen;2004;153;11;164;121;7;128
AT31;41121;St. Nikola an der Donau;2004;86;53;139;130;9;139
AT31;41122;St. Thomas am Blasenstein;2004;28;6;34;14;0;14
AT31;41123;Saxen;2004;49;2;51;66;2;68
AT31;41124;Schwertberg;2004;203;37;240;215;20;235
AT31;41125;Waldhausen im Strudengau;2004;92;36;128;78;7;85
AT31;41126;Windhaag bei Perg;2004;55;8;63;39;1;40
AT31;41201;Andrichsfurt;2004;28;3;31;30;2;32
AT31;41202;Antiesenhofen;2004;31;6;37;46;2;48
AT31;41203;Aurolzmünster;2004;123;12;135;118;5;123
AT31;41204;Eberschwang;2004;72;19;91;112;5;117
AT31;41205;Eitzing;2004;32;3;35;28;2;30
AT31;41206;Geiersberg;2004;18;0;18;14;3;17
AT31;41207;Geinberg;2004;50;4;54;43;4;47
AT31;41208;Gurten;2004;37;4;41;36;1;37
AT31;41209;Hohenzell;2004;50;5;55;51;4;55
AT31;41210;Kirchdorf am Inn;2004;14;2;16;17;4;21
AT31;41211;Kirchheim im Innkreis;2004;29;7;36;17;1;18
AT31;41212;Lambrechten;2004;16;0;16;32;1;33
AT31;41213;Lohnsburg am Kobernaußerwald;2004;60;6;66;97;6;103
AT31;41214;Mehrnbach;2004;123;8;131;116;9;125
AT31;41215;Mettmach;2004;72;11;83;69;3;72
AT31;41216;Mörschwang;2004;1;0;1;9;0;9
AT31;41217;Mühlheim am Inn;2004;13;2;15;26;4;30
AT31;41218;Neuhofen im Innkreis;2004;73;9;82;95;2;97
AT31;41219;Obernberg am Inn;2004;69;17;86;79;16;95
AT31;41220;Ort im Innkreis;2004;53;11;64;59;12;71
AT31;41221;Pattigham;2004;19;2;21;40;0;40
AT31;41222;Peterskirchen;2004;11;2;13;23;0;23
AT31;41223;Pramet;2004;34;4;38;54;3;57
AT31;41224;Reichersberg;2004;68;25;93;60;19;79
AT31;41225;Ried im Innkreis;2004;674;110;784;630;73;703
AT31;41226;St. Georgen bei Obernberg am Inn;2004;12;0;12;16;3;19
AT31;41227;St. Marienkirchen am Hausruck;2004;17;6;23;24;1;25
AT31;41228;St. Martin im Innkreis;2004;85;15;100;108;5;113
AT31;41229;Schildorn;2004;37;1;38;14;1;15
AT31;41230;Senftenbach;2004;25;3;28;19;1;20
AT31;41231;Taiskirchen im Innkreis;2004;94;34;128;109;11;120
AT31;41232;Tumeltsham;2004;70;1;71;36;2;38
AT31;41233;Utzenaich;2004;87;16;103;64;21;85
AT31;41234;Waldzell;2004;53;13;66;73;4;77
AT31;41235;Weilbach;2004;36;1;37;18;4;22
AT31;41236;Wippenham;2004;21;0;21;14;1;15
AT31;41301;Afiesl;2004;19;1;20;10;0;10
AT31;41302;Ahorn;2004;16;1;17;12;1;13
AT31;41304;Altenfelden;2004;38;6;44;60;9;69
AT31;41305;Arnreit;2004;13;2;15;26;0;26
AT31;41306;Atzesberg;2004;5;1;6;12;0;12
AT31;41307;Auberg;2004;18;1;19;12;0;12
AT31;41309;Haslach an der Mühl;2004;95;6;101;74;3;77
AT31;41310;Helfenberg;2004;11;1;12;34;1;35
AT31;41311;Hörbich;2004;6;0;6;6;1;7
AT31;41312;Hofkirchen im Mühlkreis;2004;31;4;35;32;6;38
AT31;41313;Julbach;2004;15;6;21;37;4;41
AT31;41314;Kirchberg ob der Donau;2004;27;6;33;31;5;36
AT31;41315;Klaffer am Hochficht;2004;28;4;32;34;5;39
AT31;41316;Kleinzell im Mühlkreis;2004;64;4;68;41;2;43
AT31;41317;Kollerschlag;2004;26;11;37;23;1;24
AT31;41318;Lembach im Mühlkreis;2004;64;33;97;77;3;80
AT31;41319;Lichtenau im Mühlkreis;2004;6;2;8;18;1;19
AT31;41320;Nebelberg;2004;9;0;9;9;0;9
AT31;41321;Neufelden;2004;73;74;147;131;12;143
AT31;41322;Niederkappel;2004;18;1;19;23;1;24
AT31;41323;Niederwaldkirchen;2004;34;3;37;46;1;47
AT31;41324;Oberkappel;2004;55;12;67;23;40;63
AT31;41325;Oepping;2004;36;5;41;70;5;75
AT31;41326;Peilstein im Mühlviertel;2004;27;2;29;49;2;51
AT31;41327;Pfarrkirchen im Mühlkreis;2004;19;14;33;43;0;43
AT31;41328;Putzleinsdorf;2004;49;41;90;63;2;65
AT31;41329;Neustift im Mühlkreis;2004;20;4;24;34;3;37
AT31;41331;St. Johann am Wimberg;2004;31;3;34;19;1;20
AT31;41332;St. Martin im Mühlkreis;2004;100;5;105;110;8;118
AT31;41333;St. Oswald bei Haslach;2004;5;1;6;18;0;18
AT31;41334;St. Peter am Wimberg;2004;11;0;11;28;1;29
AT31;41335;St. Stefan am Walde;2004;34;24;58;44;3;47
AT31;41336;St. Ulrich im Mühlkreis;2004;34;1;35;34;0;34
AT31;41337;St. Veit im Mühlkreis;2004;38;2;40;34;0;34
AT31;41338;Sarleinsbach;2004;35;6;41;51;5;56
AT31;41340;Schönegg;2004;15;5;20;13;1;14
AT31;41341;Schwarzenberg am Böhmerwald;2004;3;9;12;13;9;22
AT31;41342;Ulrichsberg;2004;92;9;101;81;4;85
AT31;41343;Aigen-Schlägl;2004;94;15;109;91;11;102
AT31;41344;Rohrbach-Berg;2004;187;15;202;180;11;191
AT31;41401;Altschwendt;2004;27;1;28;47;0;47
AT31;41402;Andorf;2004;157;27;184;113;7;120
AT31;41403;Brunnenthal;2004;71;13;84;94;11;105
AT31;41404;Diersbach;2004;43;7;50;48;1;49
AT31;41405;Dorf an der Pram;2004;32;3;35;23;0;23
AT31;41406;Eggerding;2004;18;4;22;53;1;54
AT31;41407;Engelhartszell;2004;57;5;62;40;4;44
AT31;41408;Enzenkirchen;2004;36;4;40;47;6;53
AT31;41409;Esternberg;2004;44;5;49;42;3;45
AT31;41410;Freinberg;2004;21;29;50;26;20;46
AT31;41411;Kopfing im Innkreis;2004;54;10;64;76;6;82
AT31;41412;Mayrhof;2004;4;1;5;4;0;4
AT31;41413;Münzkirchen;2004;59;9;68;76;7;83
AT31;41414;Raab;2004;69;7;76;77;7;84
AT31;41415;Rainbach im Innkreis;2004;40;8;48;47;4;51
AT31;41416;Riedau;2004;60;14;74;88;7;95
AT31;41417;St. Aegidi;2004;27;2;29;54;0;54
AT31;41418;St. Florian am Inn;2004;94;31;125;119;18;137
AT31;41419;St. Marienkirchen bei Schärding;2004;62;20;82;53;5;58
AT31;41420;St. Roman;2004;26;13;39;38;1;39
AT31;41421;St. Willibald;2004;21;3;24;37;2;39
AT31;41422;Schärding;2004;299;105;404;291;67;358
AT31;41423;Schardenberg;2004;49;19;68;57;37;94
AT31;41424;Sigharting;2004;29;6;35;38;1;39
AT31;41425;Suben;2004;177;36;213;114;77;191
AT31;41426;Taufkirchen an der Pram;2004;84;27;111;84;24;108
AT31;41427;Vichtenstein;2004;23;26;49;31;6;37
AT31;41428;Waldkirchen am Wesen;2004;28;4;32;19;0;19
AT31;41429;Wernstein am Inn;2004;39;14;53;37;10;47
AT31;41430;Zell an der Pram;2004;100;10;110;71;3;74
AT31;41501;Adlwang;2004;78;4;82;62;4;66
AT31;41502;Aschach an der Steyr;2004;86;8;94;78;1;79
AT31;41503;Bad Hall;2004;247;32;279;237;27;264
AT31;41504;Dietach;2004;134;8;142;101;10;111
AT31;41505;Gaflenz;2004;43;5;48;48;4;52
AT31;41506;Garsten;2004;392;54;446;319;28;347
AT31;41507;Großraming;2004;65;10;75;74;2;76
AT31;41508;Laussa;2004;31;1;32;36;1;37
AT31;41509;Losenstein;2004;40;2;42;58;7;65
AT31;41510;Maria Neustift;2004;14;0;14;21;1;22
AT31;41511;Pfarrkirchen bei Bad Hall;2004;87;12;99;78;5;83
AT31;41512;Reichraming;2004;50;5;55;54;2;56
AT31;41513;Rohr im Kremstal;2004;77;6;83;51;5;56
AT31;41514;St. Ulrich bei Steyr;2004;127;6;133;115;7;122
AT31;41515;Schiedlberg;2004;38;2;40;46;0;46
AT31;41516;Sierning;2004;361;68;429;282;43;325
AT31;41517;Ternberg;2004;87;7;94;77;4;81
AT31;41518;Waldneukirchen;2004;68;13;81;75;9;84
AT31;41521;Wolfern;2004;128;17;145;107;13;120
AT31;41522;Weyer;2004;132;13;145;150;27;177
AT31;41601;Alberndorf in der Riedmark;2004;95;17;112;91;10;101
AT31;41602;Altenberg bei Linz;2004;142;23;165;142;9;151
AT31;41603;Bad Leonfelden;2004;116;20;136;78;15;93
AT31;41604;Eidenberg;2004;73;1;74;45;5;50
AT31;41605;Engerwitzdorf;2004;292;13;305;283;14;297
AT31;41606;Feldkirchen an der Donau;2004;154;33;187;137;31;168
AT31;41607;Gallneukirchen;2004;271;37;308;260;19;279
AT31;41608;Goldwörth;2004;22;3;25;22;3;25
AT31;41609;Gramastetten;2004;150;11;161;154;5;159
AT31;41610;Haibach im Mühlkreis;2004;29;1;30;23;1;24
AT31;41611;Hellmonsödt;2004;71;15;86;106;4;110
AT31;41612;Herzogsdorf;2004;62;3;65;54;4;58
AT31;41613;Kirchschlag bei Linz;2004;91;8;99;69;3;72
AT31;41614;Lichtenberg;2004;97;10;107;82;1;83
AT31;41615;Oberneukirchen;2004;68;7;75;77;8;85
AT31;41616;Ottenschlag im Mühlkreis;2004;12;1;13;18;0;18
AT31;41617;Ottensheim;2004;189;16;205;165;15;180
AT31;41618;Puchenau;2004;159;30;189;208;15;223
AT31;41619;Reichenau im Mühlkreis;2004;49;2;51;31;3;34
AT31;41620;Reichenthal;2004;24;2;26;25;3;28
AT31;41621;St. Gotthard im Mühlkreis;2004;31;4;35;34;2;36
AT31;41622;Schenkenfelden;2004;29;10;39;36;1;37
AT31;41623;Sonnberg im Mühlkreis;2004;28;0;28;27;0;27
AT31;41624;Steyregg;2004;186;37;223;167;21;188
AT31;41625;Vorderweißenbach;2004;36;0;36;37;2;39
AT31;41626;Walding;2004;193;31;224;155;12;167
AT31;41627;Zwettl an der Rodl;2004;54;5;59;62;3;65
AT31;41701;Ampflwang im Hausruckwald;2004;96;15;111;149;19;168
AT31;41702;Attersee am Attersee;2004;58;7;65;69;8;77
AT31;41703;Attnang-Puchheim;2004;477;85;562;450;51;501
AT31;41704;Atzbach;2004;19;2;21;42;2;44
AT31;41705;Aurach am Hongar;2004;60;8;68;54;4;58
AT31;41706;Berg im Attergau;2004;53;8;61;39;5;44
AT31;41707;Desselbrunn;2004;52;6;58;65;1;66
AT31;41708;Fornach;2004;24;5;29;12;0;12
AT31;41709;Frankenburg am Hausruck;2004;111;17;128;141;8;149
AT31;41710;Frankenmarkt;2004;151;28;179;186;30;216
AT31;41711;Gampern;2004;105;13;118;84;2;86
AT31;41712;Innerschwand am Mondsee;2004;35;6;41;34;6;40
AT31;41713;Lenzing;2004;283;52;335;287;19;306
AT31;41714;Manning;2004;17;6;23;21;2;23
AT31;41715;Mondsee;2004;242;48;290;201;53;254
AT31;41716;Neukirchen an der Vöckla;2004;60;7;67;104;6;110
AT31;41717;Niederthalheim;2004;16;8;24;27;1;28
AT31;41718;Nußdorf am Attersee;2004;56;23;79;59;12;71
AT31;41719;Oberhofen am Irrsee;2004;57;8;65;71;8;79
AT31;41720;Oberndorf bei Schwanenstadt;2004;31;1;32;52;0;52
AT31;41721;Oberwang;2004;13;8;21;39;1;40
AT31;41722;Ottnang am Hausruck;2004;129;24;153;170;20;190
AT31;41723;Pfaffing;2004;57;3;60;58;1;59
AT31;41724;Pilsbach;2004;20;0;20;18;2;20
AT31;41725;Pitzenberg;2004;13;0;13;14;0;14
AT31;41726;Pöndorf;2004;74;9;83;91;8;99
AT31;41727;Puchkirchen am Trattberg;2004;29;10;39;23;3;26
AT31;41728;Pühret;2004;12;1;13;11;0;11
AT31;41729;Redleiten;2004;7;0;7;9;0;9
AT31;41730;Redlham;2004;44;6;50;51;3;54
AT31;41731;Regau;2004;297;31;328;273;5;278
AT31;41732;Rüstorf;2004;71;11;82;88;11;99
AT31;41733;Rutzenham;2004;7;0;7;3;0;3
AT31;41734;St. Georgen im Attergau;2004;177;1177;1354;1283;63;1346
AT31;41735;St. Lorenz;2004;122;16;138;98;7;105
AT31;41736;Schlatt;2004;67;9;76;54;2;56
AT31;41737;Schörfling am Attersee;2004;153;15;168;141;14;155
AT31;41738;Schwanenstadt;2004;241;52;293;221;29;250
AT31;41739;Seewalchen am Attersee;2004;248;32;280;200;26;226
AT31;41740;Steinbach am Attersee;2004;28;14;42;39;9;48
AT31;41741;Straß im Attergau;2004;82;17;99;108;8;116
AT31;41742;Tiefgraben;2004;175;32;207;163;16;179
AT31;41743;Timelkam;2004;291;138;429;404;47;451
AT31;41744;Ungenach;2004;60;2;62;27;2;29
AT31;41745;Unterach am Attersee;2004;59;26;85;57;6;63
AT31;41746;Vöcklabruck;2004;682;107;789;607;68;675
AT31;41747;Vöcklamarkt;2004;139;23;162;192;12;204
AT31;41748;Weißenkirchen im Attergau;2004;19;3;22;29;0;29
AT31;41749;Weyregg am Attersee;2004;49;7;56;52;5;57
AT31;41750;Wolfsegg am Hausruck;2004;110;16;126;84;4;88
AT31;41751;Zell am Moos;2004;73;24;97;83;8;91
AT31;41752;Zell am Pettenfirst;2004;60;15;75;51;0;51
AT31;41801;Aichkirchen;2004;11;0;11;18;0;18
AT31;41802;Bachmanning;2004;36;5;41;32;9;41
AT31;41803;Bad Wimsbach-Neydharting;2004;88;7;95;93;8;101
AT31;41804;Buchkirchen;2004;110;98;208;133;85;218
AT31;41805;Eberstalzell;2004;81;8;89;61;5;66
AT31;41806;Edt bei Lambach;2004;69;8;77;97;6;103
AT31;41807;Fischlham;2004;55;1;56;40;2;42
AT31;41808;Gunskirchen;2004;201;38;239;135;32;167
AT31;41809;Holzhausen;2004;22;3;25;29;3;32
AT31;41810;Krenglbach;2004;101;25;126;83;11;94
AT31;41811;Lambach;2004;229;61;290;223;31;254
AT31;41812;Marchtrenk;2004;501;108;609;457;51;508
AT31;41813;Neukirchen bei Lambach;2004;25;1;26;12;3;15
AT31;41814;Offenhausen;2004;42;8;50;60;3;63
AT31;41815;Pennewang;2004;23;4;27;25;1;26
AT31;41816;Pichl bei Wels;2004;122;12;134;75;5;80
AT31;41817;Sattledt;2004;83;12;95;105;6;111
AT31;41818;Schleißheim;2004;52;6;58;38;3;41
AT31;41819;Sipbachzell;2004;61;5;66;62;6;68
AT31;41820;Stadl-Paura;2004;269;88;357;201;27;228
AT31;41821;Steinerkirchen an der Traun;2004;81;20;101;60;7;67
AT31;41822;Steinhaus;2004;57;7;64;73;5;78
AT31;41823;Thalheim bei Wels;2004;299;86;385;241;63;304
AT31;41824;Weißkirchen an der Traun;2004;184;46;230;160;15;175
AT31;40101;Linz;2003;6836;3404;10240;6607;2048;8655
AT31;40201;Steyr;2003;1318;534;1852;1471;346;1817
AT31;40301;Wels;2003;2091;844;2935;2274;598;2872
AT31;40401;Altheim;2003;160;26;186;166;21;187
AT31;40402;Aspach;2003;57;8;65;57;13;70
AT31;40403;Auerbach;2003;23;4;27;32;4;36
AT31;40404;Braunau am Inn;2003;556;201;757;585;146;731
AT31;40405;Burgkirchen;2003;89;14;103;102;6;108
AT31;40406;Eggelsberg;2003;89;14;103;91;16;107
AT31;40407;Feldkirchen bei Mattighofen;2003;30;5;35;42;1;43
AT31;40408;Franking;2003;41;56;97;45;39;84
AT31;40409;Geretsberg;2003;61;43;104;90;34;124
AT31;40410;Gilgenberg am Weilhart;2003;32;6;38;41;7;48
AT31;40411;Haigermoos;2003;11;11;22;22;7;29
AT31;40412;Handenberg;2003;35;16;51;28;14;42
AT31;40413;Helpfau-Uttendorf;2003;142;28;170;142;16;158
AT31;40414;Hochburg-Ach;2003;39;63;102;62;36;98
AT31;40415;Höhnhart;2003;31;3;34;29;5;34
AT31;40416;Jeging;2003;38;1;39;18;4;22
AT31;40417;Kirchberg bei Mattighofen;2003;42;2;44;42;1;43
AT31;40418;Lengau;2003;118;23;141;176;9;185
AT31;40419;Lochen am See;2003;62;9;71;87;10;97
AT31;40420;Maria Schmolln;2003;70;1;71;29;1;30
AT31;40421;Mattighofen;2003;304;77;381;284;35;319
AT31;40422;Mauerkirchen;2003;158;26;184;142;9;151
AT31;40423;Mining;2003;37;4;41;40;3;43
AT31;40424;Moosbach;2003;50;6;56;50;10;60
AT31;40425;Moosdorf;2003;67;9;76;45;11;56
AT31;40426;Munderfing;2003;71;9;80;115;9;124
AT31;40427;Neukirchen an der Enknach;2003;48;9;57;65;9;74
AT31;40428;Ostermiething;2003;143;26;169;100;22;122
AT31;40429;Palting;2003;35;5;40;32;4;36
AT31;40430;Perwang am Grabensee;2003;20;4;24;32;0;32
AT31;40431;Pfaffstätt;2003;42;2;44;71;8;79
AT31;40432;Pischelsdorf am Engelbach;2003;45;9;54;43;3;46
AT31;40433;Polling im Innkreis;2003;24;7;31;24;11;35
AT31;40434;Roßbach;2003;26;1;27;32;3;35
AT31;40435;St. Georgen am Fillmannsbach;2003;6;1;7;19;1;20
AT31;40436;St. Johann am Walde;2003;42;7;49;48;5;53
AT31;40437;St. Pantaleon;2003;91;37;128;121;19;140
AT31;40438;St. Peter am Hart;2003;88;25;113;111;10;121
AT31;40439;St. Radegund;2003;14;3;17;9;2;11
AT31;40440;St. Veit im Innkreis;2003;12;3;15;14;0;14
AT31;40441;Schalchen;2003;190;18;208;158;19;177
AT31;40442;Schwand im Innkreis;2003;22;4;26;21;2;23
AT31;40443;Tarsdorf;2003;56;13;69;49;11;60
AT31;40444;Treubach;2003;23;2;25;22;3;25
AT31;40445;Überackern;2003;23;10;33;23;5;28
AT31;40446;Weng im Innkreis;2003;45;2;47;46;6;52
AT31;40501;Alkoven;2003;192;37;229;196;26;222
AT31;40502;Aschach an der Donau;2003;105;30;135;112;12;124
AT31;40503;Eferding;2003;246;34;280;167;21;188
AT31;40504;Fraham;2003;73;7;80;86;5;91
AT31;40505;Haibach ob der Donau;2003;16;4;20;24;2;26
AT31;40506;Hartkirchen;2003;108;20;128;148;5;153
AT31;40507;Hinzenbach;2003;49;45;94;77;37;114
AT31;40508;Prambachkirchen;2003;62;16;78;101;8;109
AT31;40509;Pupping;2003;106;14;120;60;6;66
AT31;40510;St. Marienkirchen an der Polsenz;2003;54;4;58;58;2;60
AT31;40511;Scharten;2003;74;13;87;90;12;102
AT31;40512;Stroheim;2003;38;1;39;28;0;28
AT31;40601;Freistadt;2003;262;42;304;319;13;332
AT31;40602;Grünbach;2003;53;3;56;49;4;53
AT31;40603;Gutau;2003;68;9;77;76;5;81
AT31;40604;Hagenberg im Mühlkreis;2003;78;5;83;90;4;94
AT31;40605;Hirschbach im Mühlkreis;2003;25;3;28;31;4;35
AT31;40606;Kaltenberg;2003;4;0;4;15;0;15
AT31;40607;Kefermarkt;2003;51;25;76;87;8;95
AT31;40608;Königswiesen;2003;52;2;54;63;1;64
AT31;40609;Lasberg;2003;97;5;102;63;9;72
AT31;40610;Leopoldschlag;2003;17;2;19;21;3;24
AT31;40611;Liebenau;2003;26;7;33;35;2;37
AT31;40612;Neumarkt im Mühlkreis;2003;78;4;82;122;2;124
AT31;40613;Pierbach;2003;19;2;21;16;2;18
AT31;40614;Pregarten;2003;144;23;167;168;14;182
AT31;40615;Rainbach im Mühlkreis;2003;66;11;77;68;7;75
AT31;40616;Sandl;2003;29;2;31;51;3;54
AT31;40617;St. Leonhard bei Freistadt;2003;22;0;22;30;3;33
AT31;40618;St. Oswald bei Freistadt;2003;77;4;81;101;5;106
AT31;40619;Schönau im Mühlkreis;2003;35;3;38;33;1;34
AT31;40620;Tragwein;2003;62;10;72;64;5;69
AT31;40621;Unterweißenbach;2003;46;1;47;60;5;65
AT31;40622;Unterweitersdorf;2003;99;3;102;58;4;62
AT31;40623;Waldburg;2003;44;2;46;36;2;38
AT31;40624;Wartberg ob der Aist;2003;178;8;186;124;18;142
AT31;40625;Weitersfelden;2003;31;1;32;29;1;30
AT31;40626;Windhaag bei Freistadt;2003;35;26;61;61;23;84
AT31;40627;Bad Zell;2003;57;9;66;58;4;62
AT31;40701;Altmünster;2003;311;50;361;315;46;361
AT31;40702;Bad Goisern am Hallstättersee;2003;164;44;208;164;82;246
AT31;40703;Bad Ischl;2003;457;131;588;444;93;537
AT31;40704;Ebensee;2003;153;52;205;183;26;209
AT31;40705;Gmunden;2003;673;194;867;655;118;773
AT31;40706;Gosau;2003;44;32;76;61;24;85
AT31;40707;Grünau im Almtal;2003;60;12;72;86;10;96
AT31;40708;Gschwandt;2003;93;9;102;89;2;91
AT31;40709;Hallstatt;2003;20;19;39;39;13;52
AT31;40710;Kirchham;2003;57;6;63;61;3;64
AT31;40711;Laakirchen;2003;308;79;387;340;48;388
AT31;40712;Obertraun;2003;23;17;40;34;9;43
AT31;40713;Ohlsdorf;2003;152;13;165;160;5;165
AT31;40714;Pinsdorf;2003;143;19;162;137;13;150
AT31;40715;Roitham;2003;54;7;61;79;6;85
AT31;40716;St. Konrad;2003;45;11;56;23;5;28
AT31;40717;St. Wolfgang im Salzkammergut;2003;90;37;127;106;35;141
AT31;40718;Traunkirchen;2003;70;23;93;75;8;83
AT31;40719;Scharnstein;2003;153;12;165;131;13;144
AT31;40720;Vorchdorf;2003;226;29;255;245;32;277
AT31;40801;Aistersheim;2003;38;4;42;36;4;40
AT31;40802;Bad Schallerbach;2003;174;40;214;169;29;198
AT31;40803;Bruck-Waasen;2003;57;5;62;69;8;77
AT31;40804;Eschenau im Hausruckkreis;2003;14;4;18;18;2;20
AT31;40805;Gallspach;2003;146;37;183;157;16;173
AT31;40806;Gaspoltshofen;2003;109;19;128;83;7;90
AT31;40807;Geboltskirchen;2003;40;1;41;41;6;47
AT31;40808;Grieskirchen;2003;204;38;242;214;14;228
AT31;40809;Haag am Hausruck;2003;75;17;92;55;15;70
AT31;40810;Heiligenberg;2003;4;0;4;16;0;16
AT31;40811;Hofkirchen an der Trattnach;2003;57;7;64;56;9;65
AT31;40812;Kallham;2003;60;7;67;50;5;55
AT31;40813;Kematen am Innbach;2003;60;6;66;53;7;60
AT31;40814;Meggenhofen;2003;44;3;47;29;2;31
AT31;40815;Michaelnbach;2003;33;3;36;17;2;19
AT31;40816;Natternbach;2003;65;6;71;44;11;55
AT31;40817;Neukirchen am Walde;2003;43;5;48;52;0;52
AT31;40818;Neumarkt im Hausruckkreis;2003;80;8;88;98;7;105
AT31;40819;Peuerbach;2003;83;14;97;84;8;92
AT31;40820;Pötting;2003;10;1;11;6;0;6
AT31;40821;Pollham;2003;15;6;21;19;2;21
AT31;40822;Pram;2003;51;8;59;35;9;44
AT31;40823;Rottenbach;2003;56;5;61;25;2;27
AT31;40824;St. Agatha;2003;34;3;37;29;2;31
AT31;40825;St. Georgen bei Grieskirchen;2003;90;3;93;21;1;22
AT31;40826;St. Thomas;2003;12;1;13;8;0;8
AT31;40827;Schlüßlberg;2003;107;13;120;116;12;128
AT31;40828;Steegen;2003;19;1;20;28;5;33
AT31;40829;Taufkirchen an der Trattnach;2003;41;5;46;55;3;58
AT31;40830;Tollet;2003;15;4;19;25;1;26
AT31;40831;Waizenkirchen;2003;85;12;97;95;9;104
AT31;40832;Wallern an der Trattnach;2003;87;8;95;103;5;108
AT31;40833;Weibern;2003;62;11;73;67;1;68
AT31;40834;Wendling;2003;7;0;7;18;0;18
AT31;40901;Edlbach;2003;16;22;38;25;8;33
AT31;40902;Grünburg;2003;163;38;201;162;12;174
AT31;40903;Hinterstoder;2003;19;15;34;27;23;50
AT31;40904;Inzersdorf im Kremstal;2003;51;7;58;66;10;76
AT31;40905;Kirchdorf an der Krems;2003;232;34;266;209;23;232
AT31;40906;Klaus an der Pyhrnbahn;2003;40;20;60;58;15;73
AT31;40907;Kremsmünster;2003;186;89;275;239;51;290
AT31;40908;Micheldorf in Oberösterreich;2003;201;84;285;245;38;283
AT31;40909;Molln;2003;94;17;111;119;26;145
AT31;40910;Nußbach;2003;69;20;89;76;9;85
AT31;40911;Oberschlierbach;2003;14;4;18;13;4;17
AT31;40912;Pettenbach;2003;145;40;185;179;17;196
AT31;40913;Ried im Traunkreis;2003;98;15;113;110;7;117
AT31;40914;Rosenau am Hengstpaß;2003;21;5;26;29;2;31
AT31;40915;Roßleithen;2003;89;9;98;83;5;88
AT31;40916;St. Pankraz;2003;14;2;16;11;5;16
AT31;40917;Schlierbach;2003;94;27;121;153;9;162
AT31;40918;Spital am Pyhrn;2003;61;23;84;94;2;96
AT31;40919;Steinbach am Ziehberg;2003;21;1;22;19;1;20
AT31;40920;Steinbach an der Steyr;2003;35;3;38;57;3;60
AT31;40921;Vorderstoder;2003;17;4;21;30;2;32
AT31;40922;Wartberg an der Krems;2003;105;8;113;92;9;101
AT31;40923;Windischgarsten;2003;149;21;170;87;19;106
AT31;41001;Allhaming;2003;22;12;34;37;4;41
AT31;41002;Ansfelden;2003;680;180;860;737;75;812
AT31;41003;Asten;2003;335;74;409;359;29;388
AT31;41004;Eggendorf im Traunkreis;2003;46;13;59;23;1;24
AT31;41005;Enns;2003;473;100;573;499;54;553
AT31;41006;Hargelsberg;2003;46;8;54;31;7;38
AT31;41007;Hörsching;2003;272;32;304;262;23;285
AT31;41008;Hofkirchen im Traunkreis;2003;58;4;62;53;2;55
AT31;41009;Kematen an der Krems;2003;99;16;115;83;15;98
AT31;41010;Kirchberg-Thening;2003;72;3;75;57;4;61
AT31;41011;Kronstorf;2003;114;27;141;118;17;135
AT31;41012;Leonding;2003;1391;189;1580;1217;106;1323
AT31;41013;St. Florian;2003;174;17;191;225;17;242
AT31;41014;Neuhofen an der Krems;2003;268;37;305;237;34;271
AT31;41015;Niederneukirchen;2003;76;2;78;54;3;57
AT31;41016;Oftering;2003;73;2;75;50;4;54
AT31;41017;Pasching;2003;441;58;499;351;39;390
AT31;41018;Piberbach;2003;71;5;76;59;7;66
AT31;41019;Pucking;2003;180;10;190;158;3;161
AT31;41020;St. Marien;2003;239;20;259;151;6;157
AT31;41021;Traun;2003;1029;357;1386;1241;174;1415
AT31;41022;Wilhering;2003;170;44;214;155;25;180
AT31;41101;Allerheiligen im Mühlkreis;2003;48;5;53;50;6;56
AT31;41102;Arbing;2003;37;1;38;50;2;52
AT31;41103;Baumgartenberg;2003;58;17;75;71;6;77
AT31;41104;Dimbach;2003;17;1;18;33;0;33
AT31;41105;Grein;2003;80;20;100;69;22;91
AT31;41106;Katsdorf;2003;120;8;128;109;7;116
AT31;41107;Klam;2003;19;0;19;23;0;23
AT31;41108;Bad Kreuzen;2003;105;90;195;57;4;61
AT31;41109;Langenstein;2003;79;19;98;107;18;125
AT31;41110;Luftenberg an der Donau;2003;106;13;119;117;9;126
AT31;41111;Mauthausen;2003;218;49;267;222;36;258
AT31;41112;Mitterkirchen im Machland;2003;32;6;38;57;6;63
AT31;41113;Münzbach;2003;54;11;65;78;13;91
AT31;41114;Naarn im Machlande;2003;98;15;113;109;15;124
AT31;41115;Pabneukirchen;2003;27;8;35;42;1;43
AT31;41116;Perg;2003;296;80;376;296;40;336
AT31;41117;Rechberg;2003;22;4;26;35;3;38
AT31;41118;Ried in der Riedmark;2003;108;9;117;116;13;129
AT31;41119;St. Georgen am Walde;2003;26;0;26;28;1;29
AT31;41120;St. Georgen an der Gusen;2003;146;13;159;103;9;112
AT31;41121;St. Nikola an der Donau;2003;65;67;132;106;16;122
AT31;41122;St. Thomas am Blasenstein;2003;16;4;20;38;1;39
AT31;41123;Saxen;2003;31;4;35;56;4;60
AT31;41124;Schwertberg;2003;217;48;265;207;13;220
AT31;41125;Waldhausen im Strudengau;2003;75;34;109;105;15;120
AT31;41126;Windhaag bei Perg;2003;53;18;71;55;3;58
AT31;41201;Andrichsfurt;2003;17;1;18;25;5;30
AT31;41202;Antiesenhofen;2003;32;6;38;63;4;67
AT31;41203;Aurolzmünster;2003;143;8;151;118;4;122
AT31;41204;Eberschwang;2003;66;17;83;98;4;102
AT31;41205;Eitzing;2003;23;7;30;31;2;33
AT31;41206;Geiersberg;2003;25;1;26;17;1;18
AT31;41207;Geinberg;2003;36;10;46;41;13;54
AT31;41208;Gurten;2003;40;10;50;67;4;71
AT31;41209;Hohenzell;2003;58;8;66;68;3;71
AT31;41210;Kirchdorf am Inn;2003;27;7;34;32;14;46
AT31;41211;Kirchheim im Innkreis;2003;18;1;19;24;1;25
AT31;41212;Lambrechten;2003;21;1;22;21;0;21
AT31;41213;Lohnsburg am Kobernaußerwald;2003;54;6;60;68;9;77
AT31;41214;Mehrnbach;2003;121;9;130;125;12;137
AT31;41215;Mettmach;2003;61;15;76;64;3;67
AT31;41216;Mörschwang;2003;4;1;5;12;0;12
AT31;41217;Mühlheim am Inn;2003;19;0;19;23;0;23
AT31;41218;Neuhofen im Innkreis;2003;69;6;75;43;6;49
AT31;41219;Obernberg am Inn;2003;69;37;106;83;27;110
AT31;41220;Ort im Innkreis;2003;65;32;97;57;12;69
AT31;41221;Pattigham;2003;37;0;37;23;1;24
AT31;41222;Peterskirchen;2003;16;0;16;19;1;20
AT31;41223;Pramet;2003;24;2;26;40;4;44
AT31;41224;Reichersberg;2003;49;17;66;59;16;75
AT31;41225;Ried im Innkreis;2003;580;107;687;649;75;724
AT31;41226;St. Georgen bei Obernberg am Inn;2003;26;2;28;15;1;16
AT31;41227;St. Marienkirchen am Hausruck;2003;40;1;41;22;3;25
AT31;41228;St. Martin im Innkreis;2003;76;8;84;85;11;96
AT31;41229;Schildorn;2003;18;7;25;21;0;21
AT31;41230;Senftenbach;2003;15;4;19;19;0;19
AT31;41231;Taiskirchen im Innkreis;2003;83;34;117;79;20;99
AT31;41232;Tumeltsham;2003;57;5;62;44;1;45
AT31;41233;Utzenaich;2003;59;25;84;60;11;71
AT31;41234;Waldzell;2003;70;11;81;81;8;89
AT31;41235;Weilbach;2003;18;2;20;22;1;23
AT31;41236;Wippenham;2003;20;1;21;15;1;16
AT31;41301;Afiesl;2003;7;0;7;8;5;13
AT31;41302;Ahorn;2003;16;0;16;13;0;13
AT31;41304;Altenfelden;2003;50;5;55;60;3;63
AT31;41305;Arnreit;2003;25;5;30;34;0;34
AT31;41306;Atzesberg;2003;6;0;6;15;1;16
AT31;41307;Auberg;2003;13;1;14;15;1;16
AT31;41309;Haslach an der Mühl;2003;110;9;119;98;5;103
AT31;41310;Helfenberg;2003;27;5;32;35;7;42
AT31;41311;Hörbich;2003;9;1;10;18;1;19
AT31;41312;Hofkirchen im Mühlkreis;2003;25;6;31;36;2;38
AT31;41313;Julbach;2003;42;5;47;40;2;42
AT31;41314;Kirchberg ob der Donau;2003;29;4;33;50;3;53
AT31;41315;Klaffer am Hochficht;2003;24;3;27;36;2;38
AT31;41316;Kleinzell im Mühlkreis;2003;61;1;62;26;3;29
AT31;41317;Kollerschlag;2003;9;9;18;28;0;28
AT31;41318;Lembach im Mühlkreis;2003;57;27;84;46;11;57
AT31;41319;Lichtenau im Mühlkreis;2003;13;0;13;22;0;22
AT31;41320;Nebelberg;2003;8;3;11;13;6;19
AT31;41321;Neufelden;2003;85;63;148;97;35;132
AT31;41322;Niederkappel;2003;18;2;20;24;2;26
AT31;41323;Niederwaldkirchen;2003;31;3;34;59;0;59
AT31;41324;Oberkappel;2003;13;4;17;23;9;32
AT31;41325;Oepping;2003;45;2;47;64;5;69
AT31;41326;Peilstein im Mühlviertel;2003;38;4;42;39;2;41
AT31;41327;Pfarrkirchen im Mühlkreis;2003;33;5;38;43;2;45
AT31;41328;Putzleinsdorf;2003;30;4;34;35;2;37
AT31;41329;Neustift im Mühlkreis;2003;21;7;28;17;1;18
AT31;41331;St. Johann am Wimberg;2003;21;2;23;28;1;29
AT31;41332;St. Martin im Mühlkreis;2003;79;13;92;117;8;125
AT31;41333;St. Oswald bei Haslach;2003;14;3;17;30;0;30
AT31;41334;St. Peter am Wimberg;2003;25;5;30;38;1;39
AT31;41335;St. Stefan am Walde;2003;26;13;39;23;3;26
AT31;41336;St. Ulrich im Mühlkreis;2003;28;5;33;30;0;30
AT31;41337;St. Veit im Mühlkreis;2003;40;2;42;42;1;43
AT31;41338;Sarleinsbach;2003;41;2;43;69;1;70
AT31;41340;Schönegg;2003;5;2;7;11;10;21
AT31;41341;Schwarzenberg am Böhmerwald;2003;13;7;20;17;26;43
AT31;41342;Ulrichsberg;2003;90;21;111;64;9;73
AT31;41343;Aigen-Schlägl;2003;85;15;100;100;10;110
AT31;41344;Rohrbach-Berg;2003;186;27;213;200;16;216
AT31;41401;Altschwendt;2003;16;5;21;33;3;36
AT31;41402;Andorf;2003;169;27;196;156;20;176
AT31;41403;Brunnenthal;2003;92;14;106;70;19;89
AT31;41404;Diersbach;2003;33;5;38;42;9;51
AT31;41405;Dorf an der Pram;2003;16;9;25;37;5;42
AT31;41406;Eggerding;2003;28;2;30;42;3;45
AT31;41407;Engelhartszell;2003;35;5;40;38;17;55
AT31;41408;Enzenkirchen;2003;30;7;37;52;5;57
AT31;41409;Esternberg;2003;29;23;52;57;8;65
AT31;41410;Freinberg;2003;18;46;64;28;31;59
AT31;41411;Kopfing im Innkreis;2003;43;3;46;52;3;55
AT31;41412;Mayrhof;2003;5;0;5;5;0;5
AT31;41413;Münzkirchen;2003;60;12;72;50;2;52
AT31;41414;Raab;2003;64;16;80;81;4;85
AT31;41415;Rainbach im Innkreis;2003;21;1;22;36;4;40
AT31;41416;Riedau;2003;99;15;114;86;3;89
AT31;41417;St. Aegidi;2003;19;6;25;30;3;33
AT31;41418;St. Florian am Inn;2003;148;31;179;155;21;176
AT31;41419;St. Marienkirchen bei Schärding;2003;51;11;62;66;4;70
AT31;41420;St. Roman;2003;18;3;21;38;6;44
AT31;41421;St. Willibald;2003;27;10;37;22;1;23
AT31;41422;Schärding;2003;297;71;368;242;53;295
AT31;41423;Schardenberg;2003;42;35;77;45;37;82
AT31;41424;Sigharting;2003;24;1;25;28;4;32
AT31;41425;Suben;2003;163;47;210;125;59;184
AT31;41426;Taufkirchen an der Pram;2003;40;29;69;78;25;103
AT31;41427;Vichtenstein;2003;8;38;46;42;13;55
AT31;41428;Waldkirchen am Wesen;2003;15;3;18;34;2;36
AT31;41429;Wernstein am Inn;2003;25;9;34;41;10;51
AT31;41430;Zell an der Pram;2003;86;2;88;90;2;92
AT31;41501;Adlwang;2003;76;9;85;61;3;64
AT31;41502;Aschach an der Steyr;2003;63;2;65;59;5;64
AT31;41503;Bad Hall;2003;270;30;300;221;15;236
AT31;41504;Dietach;2003;103;12;115;118;7;125
AT31;41505;Gaflenz;2003;31;2;33;58;6;64
AT31;41506;Garsten;2003;292;40;332;324;42;366
AT31;41507;Großraming;2003;51;4;55;64;4;68
AT31;41508;Laussa;2003;34;4;38;51;2;53
AT31;41509;Losenstein;2003;57;6;63;59;2;61
AT31;41510;Maria Neustift;2003;33;4;37;32;3;35
AT31;41511;Pfarrkirchen bei Bad Hall;2003;105;9;114;104;12;116
AT31;41512;Reichraming;2003;42;3;45;66;1;67
AT31;41513;Rohr im Kremstal;2003;64;3;67;36;4;40
AT31;41514;St. Ulrich bei Steyr;2003;151;9;160;77;6;83
AT31;41515;Schiedlberg;2003;43;17;60;29;16;45
AT31;41516;Sierning;2003;340;59;399;257;39;296
AT31;41517;Ternberg;2003;65;8;73;72;6;78
AT31;41518;Waldneukirchen;2003;47;16;63;69;13;82
AT31;41521;Wolfern;2003;122;7;129;93;4;97
AT31;41522;Weyer;2003;119;20;139;149;10;159
AT31;41601;Alberndorf in der Riedmark;2003;119;4;123;106;4;110
AT31;41602;Altenberg bei Linz;2003;148;12;160;133;8;141
AT31;41603;Bad Leonfelden;2003;132;22;154;131;10;141
AT31;41604;Eidenberg;2003;57;6;63;44;2;46
AT31;41605;Engerwitzdorf;2003;321;28;349;281;11;292
AT31;41606;Feldkirchen an der Donau;2003;154;34;188;135;21;156
AT31;41607;Gallneukirchen;2003;307;35;342;231;13;244
AT31;41608;Goldwörth;2003;18;4;22;32;1;33
AT31;41609;Gramastetten;2003;198;5;203;154;13;167
AT31;41610;Haibach im Mühlkreis;2003;24;0;24;28;0;28
AT31;41611;Hellmonsödt;2003;67;5;72;67;3;70
AT31;41612;Herzogsdorf;2003;56;5;61;46;0;46
AT31;41613;Kirchschlag bei Linz;2003;65;15;80;51;10;61
AT31;41614;Lichtenberg;2003;87;17;104;93;18;111
AT31;41615;Oberneukirchen;2003;80;12;92;80;5;85
AT31;41616;Ottenschlag im Mühlkreis;2003;15;2;17;11;0;11
AT31;41617;Ottensheim;2003;151;26;177;194;9;203
AT31;41618;Puchenau;2003;193;24;217;242;15;257
AT31;41619;Reichenau im Mühlkreis;2003;37;3;40;47;3;50
AT31;41620;Reichenthal;2003;23;6;29;44;2;46
AT31;41621;St. Gotthard im Mühlkreis;2003;42;0;42;45;0;45
AT31;41622;Schenkenfelden;2003;20;3;23;18;2;20
AT31;41623;Sonnberg im Mühlkreis;2003;34;1;35;20;0;20
AT31;41624;Steyregg;2003;149;34;183;246;31;277
AT31;41625;Vorderweißenbach;2003;30;2;32;53;7;60
AT31;41626;Walding;2003;111;9;120;143;7;150
AT31;41627;Zwettl an der Rodl;2003;70;4;74;79;5;84
AT31;41701;Ampflwang im Hausruckwald;2003;93;15;108;97;3;100
AT31;41702;Attersee am Attersee;2003;76;12;88;73;10;83
AT31;41703;Attnang-Puchheim;2003;502;142;644;483;61;544
AT31;41704;Atzbach;2003;38;4;42;45;2;47
AT31;41705;Aurach am Hongar;2003;53;4;57;69;6;75
AT31;41706;Berg im Attergau;2003;18;16;34;73;5;78
AT31;41707;Desselbrunn;2003;47;1;48;52;5;57
AT31;41708;Fornach;2003;10;2;12;17;0;17
AT31;41709;Frankenburg am Hausruck;2003;91;21;112;129;11;140
AT31;41710;Frankenmarkt;2003;136;46;182;149;18;167
AT31;41711;Gampern;2003;77;10;87;108;3;111
AT31;41712;Innerschwand am Mondsee;2003;47;3;50;43;2;45
AT31;41713;Lenzing;2003;248;57;305;230;19;249
AT31;41714;Manning;2003;14;0;14;17;2;19
AT31;41715;Mondsee;2003;215;52;267;192;37;229
AT31;41716;Neukirchen an der Vöckla;2003;89;5;94;78;5;83
AT31;41717;Niederthalheim;2003;24;0;24;33;2;35
AT31;41718;Nußdorf am Attersee;2003;32;10;42;40;29;69
AT31;41719;Oberhofen am Irrsee;2003;42;7;49;51;2;53
AT31;41720;Oberndorf bei Schwanenstadt;2003;91;3;94;47;2;49
AT31;41721;Oberwang;2003;31;5;36;26;1;27
AT31;41722;Ottnang am Hausruck;2003;108;13;121;128;10;138
AT31;41723;Pfaffing;2003;57;1;58;47;5;52
AT31;41724;Pilsbach;2003;17;0;17;20;0;20
AT31;41725;Pitzenberg;2003;27;3;30;10;1;11
AT31;41726;Pöndorf;2003;76;7;83;80;7;87
AT31;41727;Puchkirchen am Trattberg;2003;25;5;30;28;4;32
AT31;41728;Pühret;2003;15;1;16;15;0;15
AT31;41729;Redleiten;2003;17;0;17;13;0;13
AT31;41730;Redlham;2003;62;3;65;64;3;67
AT31;41731;Regau;2003;270;12;282;261;11;272
AT31;41732;Rüstorf;2003;92;3;95;100;5;105
AT31;41733;Rutzenham;2003;5;0;5;6;0;6
AT31;41734;St. Georgen im Attergau;2003;328;185;513;357;65;422
AT31;41735;St. Lorenz;2003;110;27;137;90;17;107
AT31;41736;Schlatt;2003;38;0;38;33;7;40
AT31;41737;Schörfling am Attersee;2003;169;19;188;160;17;177
AT31;41738;Schwanenstadt;2003;310;56;366;298;45;343
AT31;41739;Seewalchen am Attersee;2003;208;36;244;202;24;226
AT31;41740;Steinbach am Attersee;2003;40;11;51;46;9;55
AT31;41741;Straß im Attergau;2003;103;60;163;106;11;117
AT31;41742;Tiefgraben;2003;171;32;203;147;11;158
AT31;41743;Timelkam;2003;250;151;401;324;55;379
AT31;41744;Ungenach;2003;36;1;37;48;6;54
AT31;41745;Unterach am Attersee;2003;54;10;64;66;10;76
AT31;41746;Vöcklabruck;2003;632;93;725;606;89;695
AT31;41747;Vöcklamarkt;2003;127;24;151;209;7;216
AT31;41748;Weißenkirchen im Attergau;2003;19;3;22;26;3;29
AT31;41749;Weyregg am Attersee;2003;45;5;50;35;8;43
AT31;41750;Wolfsegg am Hausruck;2003;61;4;65;49;2;51
AT31;41751;Zell am Moos;2003;79;36;115;53;17;70
AT31;41752;Zell am Pettenfirst;2003;25;10;35;46;3;49
AT31;41801;Aichkirchen;2003;10;2;12;25;3;28
AT31;41802;Bachmanning;2003;36;7;43;24;4;28
AT31;41803;Bad Wimsbach-Neydharting;2003;96;14;110;88;3;91
AT31;41804;Buchkirchen;2003;126;101;227;111;92;203
AT31;41805;Eberstalzell;2003;67;9;76;62;6;68
AT31;41806;Edt bei Lambach;2003;89;10;99;72;11;83
AT31;41807;Fischlham;2003;39;5;44;35;7;42
AT31;41808;Gunskirchen;2003;223;32;255;171;23;194
AT31;41809;Holzhausen;2003;37;4;41;25;4;29
AT31;41810;Krenglbach;2003;126;25;151;89;15;104
AT31;41811;Lambach;2003;231;73;304;215;33;248
AT31;41812;Marchtrenk;2003;521;136;657;510;81;591
AT31;41813;Neukirchen bei Lambach;2003;16;2;18;32;2;34
AT31;41814;Offenhausen;2003;48;10;58;55;7;62
AT31;41815;Pennewang;2003;28;3;31;35;1;36
AT31;41816;Pichl bei Wels;2003;80;33;113;101;12;113
AT31;41817;Sattledt;2003;84;18;102;88;11;99
AT31;41818;Schleißheim;2003;35;12;47;43;2;45
AT31;41819;Sipbachzell;2003;77;14;91;70;5;75
AT31;41820;Stadl-Paura;2003;218;67;285;211;28;239
AT31;41821;Steinerkirchen an der Traun;2003;86;13;99;58;8;66
AT31;41822;Steinhaus;2003;67;9;76;74;3;77
AT31;41823;Thalheim bei Wels;2003;317;93;410;250;64;314
AT31;41824;Weißkirchen an der Traun;2003;168;57;225;149;33;182
AT31;40101;Linz;2002;6385;3591;9976;6481;1902;8383
AT31;40201;Steyr;2002;1230;458;1688;1623;315;1938
AT31;40301;Wels;2002;2217;981;3198;2163;547;2710
AT31;40401;Altheim;2002;151;29;180;156;23;179
AT31;40402;Aspach;2002;71;12;83;54;7;61
AT31;40403;Auerbach;2002;23;2;25;15;2;17
AT31;40404;Braunau am Inn;2002;548;229;777;558;153;711
AT31;40405;Burgkirchen;2002;104;19;123;90;10;100
AT31;40406;Eggelsberg;2002;90;12;102;93;23;116
AT31;40407;Feldkirchen bei Mattighofen;2002;61;11;72;72;2;74
AT31;40408;Franking;2002;41;98;139;45;8;53
AT31;40409;Geretsberg;2002;51;82;133;83;21;104
AT31;40410;Gilgenberg am Weilhart;2002;36;4;40;32;6;38
AT31;40411;Haigermoos;2002;13;2;15;18;1;19
AT31;40412;Handenberg;2002;39;12;51;56;1;57
AT31;40413;Helpfau-Uttendorf;2002;155;15;170;174;19;193
AT31;40414;Hochburg-Ach;2002;63;30;93;57;28;85
AT31;40415;Höhnhart;2002;24;6;30;43;3;46
AT31;40416;Jeging;2002;31;5;36;33;3;36
AT31;40417;Kirchberg bei Mattighofen;2002;31;3;34;45;2;47
AT31;40418;Lengau;2002;171;28;199;185;26;211
AT31;40419;Lochen am See;2002;80;3;83;78;15;93
AT31;40420;Maria Schmolln;2002;67;7;74;35;3;38
AT31;40421;Mattighofen;2002;296;56;352;275;33;308
AT31;40422;Mauerkirchen;2002;115;25;140;136;17;153
AT31;40423;Mining;2002;40;3;43;37;11;48
AT31;40424;Moosbach;2002;39;10;49;43;8;51
AT31;40425;Moosdorf;2002;55;15;70;56;10;66
AT31;40426;Munderfing;2002;84;17;101;83;8;91
AT31;40427;Neukirchen an der Enknach;2002;58;5;63;90;8;98
AT31;40428;Ostermiething;2002;149;24;173;90;27;117
AT31;40429;Palting;2002;29;2;31;35;1;36
AT31;40430;Perwang am Grabensee;2002;20;2;22;29;2;31
AT31;40431;Pfaffstätt;2002;86;6;92;73;1;74
AT31;40432;Pischelsdorf am Engelbach;2002;54;10;64;43;10;53
AT31;40433;Polling im Innkreis;2002;24;8;32;30;5;35
AT31;40434;Roßbach;2002;55;2;57;25;7;32
AT31;40435;St. Georgen am Fillmannsbach;2002;18;2;20;13;2;15
AT31;40436;St. Johann am Walde;2002;30;10;40;45;10;55
AT31;40437;St. Pantaleon;2002;117;28;145;150;23;173
AT31;40438;St. Peter am Hart;2002;87;12;99;128;13;141
AT31;40439;St. Radegund;2002;10;5;15;10;0;10
AT31;40440;St. Veit im Innkreis;2002;11;0;11;8;0;8
AT31;40441;Schalchen;2002;188;16;204;195;16;211
AT31;40442;Schwand im Innkreis;2002;15;1;16;17;5;22
AT31;40443;Tarsdorf;2002;38;10;48;45;10;55
AT31;40444;Treubach;2002;19;7;26;14;3;17
AT31;40445;Überackern;2002;32;4;36;34;6;40
AT31;40446;Weng im Innkreis;2002;64;5;69;41;5;46
AT31;40501;Alkoven;2002;165;56;221;177;27;204
AT31;40502;Aschach an der Donau;2002;91;26;117;115;10;125
AT31;40503;Eferding;2002;230;26;256;196;19;215
AT31;40504;Fraham;2002;59;19;78;79;10;89
AT31;40505;Haibach ob der Donau;2002;22;2;24;20;4;24
AT31;40506;Hartkirchen;2002;100;18;118;104;19;123
AT31;40507;Hinzenbach;2002;69;40;109;64;34;98
AT31;40508;Prambachkirchen;2002;80;8;88;112;7;119
AT31;40509;Pupping;2002;89;10;99;125;6;131
AT31;40510;St. Marienkirchen an der Polsenz;2002;54;6;60;44;13;57
AT31;40511;Scharten;2002;108;11;119;127;7;134
AT31;40512;Stroheim;2002;39;3;42;37;2;39
AT31;40601;Freistadt;2002;316;46;362;288;22;310
AT31;40602;Grünbach;2002;45;7;52;56;2;58
AT31;40603;Gutau;2002;60;5;65;66;8;74
AT31;40604;Hagenberg im Mühlkreis;2002;67;11;78;75;10;85
AT31;40605;Hirschbach im Mühlkreis;2002;26;3;29;30;5;35
AT31;40606;Kaltenberg;2002;7;1;8;9;1;10
AT31;40607;Kefermarkt;2002;58;38;96;73;9;82
AT31;40608;Königswiesen;2002;53;4;57;66;6;72
AT31;40609;Lasberg;2002;105;11;116;73;9;82
AT31;40610;Leopoldschlag;2002;15;2;17;15;2;17
AT31;40611;Liebenau;2002;20;5;25;40;3;43
AT31;40612;Neumarkt im Mühlkreis;2002;53;3;56;78;10;88
AT31;40613;Pierbach;2002;15;4;19;21;0;21
AT31;40614;Pregarten;2002;107;13;120;141;14;155
AT31;40615;Rainbach im Mühlkreis;2002;64;8;72;105;12;117
AT31;40616;Sandl;2002;30;5;35;47;3;50
AT31;40617;St. Leonhard bei Freistadt;2002;27;3;30;38;6;44
AT31;40618;St. Oswald bei Freistadt;2002;61;3;64;66;4;70
AT31;40619;Schönau im Mühlkreis;2002;33;2;35;42;3;45
AT31;40620;Tragwein;2002;74;9;83;82;11;93
AT31;40621;Unterweißenbach;2002;50;3;53;47;3;50
AT31;40622;Unterweitersdorf;2002;54;4;58;41;3;44
AT31;40623;Waldburg;2002;25;2;27;42;3;45
AT31;40624;Wartberg ob der Aist;2002;114;25;139;103;29;132
AT31;40625;Weitersfelden;2002;4;0;4;23;1;24
AT31;40626;Windhaag bei Freistadt;2002;13;27;40;29;10;39
AT31;40627;Bad Zell;2002;52;6;58;55;18;73
AT31;40701;Altmünster;2002;379;69;448;366;58;424
AT31;40702;Bad Goisern am Hallstättersee;2002;220;44;264;207;51;258
AT31;40703;Bad Ischl;2002;439;133;572;499;105;604
AT31;40704;Ebensee;2002;155;37;192;224;29;253
AT31;40705;Gmunden;2002;670;153;823;673;109;782
AT31;40706;Gosau;2002;49;31;80;58;24;82
AT31;40707;Grünau im Almtal;2002;58;14;72;61;10;71
AT31;40708;Gschwandt;2002;95;9;104;103;9;112
AT31;40709;Hallstatt;2002;35;8;43;40;6;46
AT31;40710;Kirchham;2002;68;5;73;72;5;77
AT31;40711;Laakirchen;2002;319;69;388;333;46;379
AT31;40712;Obertraun;2002;18;11;29;34;10;44
AT31;40713;Ohlsdorf;2002;206;12;218;162;8;170
AT31;40714;Pinsdorf;2002;222;23;245;192;12;204
AT31;40715;Roitham;2002;74;6;80;71;3;74
AT31;40716;St. Konrad;2002;28;1;29;32;7;39
AT31;40717;St. Wolfgang im Salzkammergut;2002;86;42;128;117;23;140
AT31;40718;Traunkirchen;2002;61;19;80;81;27;108
AT31;40719;Scharnstein;2002;140;27;167;144;21;165
AT31;40720;Vorchdorf;2002;160;45;205;202;35;237
AT31;40801;Aistersheim;2002;28;1;29;33;1;34
AT31;40802;Bad Schallerbach;2002;288;50;338;179;40;219
AT31;40803;Bruck-Waasen;2002;61;12;73;68;12;80
AT31;40804;Eschenau im Hausruckkreis;2002;8;0;8;27;0;27
AT31;40805;Gallspach;2002;136;42;178;143;8;151
AT31;40806;Gaspoltshofen;2002;89;16;105;108;19;127
AT31;40807;Geboltskirchen;2002;23;5;28;29;6;35
AT31;40808;Grieskirchen;2002;222;28;250;292;17;309
AT31;40809;Haag am Hausruck;2002;54;12;66;70;13;83
AT31;40810;Heiligenberg;2002;15;0;15;6;6;12
AT31;40811;Hofkirchen an der Trattnach;2002;47;3;50;40;11;51
AT31;40812;Kallham;2002;62;15;77;69;12;81
AT31;40813;Kematen am Innbach;2002;71;7;78;70;2;72
AT31;40814;Meggenhofen;2002;44;2;46;35;6;41
AT31;40815;Michaelnbach;2002;14;4;18;26;6;32
AT31;40816;Natternbach;2002;65;11;76;54;6;60
AT31;40817;Neukirchen am Walde;2002;19;2;21;50;0;50
AT31;40818;Neumarkt im Hausruckkreis;2002;55;17;72;72;8;80
AT31;40819;Peuerbach;2002;86;16;102;94;11;105
AT31;40820;Pötting;2002;13;2;15;16;3;19
AT31;40821;Pollham;2002;20;1;21;17;1;18
AT31;40822;Pram;2002;29;9;38;60;7;67
AT31;40823;Rottenbach;2002;22;5;27;25;5;30
AT31;40824;St. Agatha;2002;46;5;51;42;3;45
AT31;40825;St. Georgen bei Grieskirchen;2002;56;2;58;25;2;27
AT31;40826;St. Thomas;2002;9;0;9;3;1;4
AT31;40827;Schlüßlberg;2002;142;14;156;128;12;140
AT31;40828;Steegen;2002;22;2;24;19;2;21
AT31;40829;Taufkirchen an der Trattnach;2002;39;6;45;71;6;77
AT31;40830;Tollet;2002;10;2;12;22;1;23
AT31;40831;Waizenkirchen;2002;85;13;98;83;7;90
AT31;40832;Wallern an der Trattnach;2002;119;14;133;103;12;115
AT31;40833;Weibern;2002;43;5;48;43;6;49
AT31;40834;Wendling;2002;8;1;9;14;0;14
AT31;40901;Edlbach;2002;14;8;22;25;11;36
AT31;40902;Grünburg;2002;180;17;197;149;16;165
AT31;40903;Hinterstoder;2002;37;22;59;43;35;78
AT31;40904;Inzersdorf im Kremstal;2002;65;5;70;66;10;76
AT31;40905;Kirchdorf an der Krems;2002;243;39;282;245;41;286
AT31;40906;Klaus an der Pyhrnbahn;2002;35;15;50;39;21;60
AT31;40907;Kremsmünster;2002;224;60;284;217;48;265
AT31;40908;Micheldorf in Oberösterreich;2002;242;52;294;198;29;227
AT31;40909;Molln;2002;84;29;113;107;19;126
AT31;40910;Nußbach;2002;62;6;68;80;8;88
AT31;40911;Oberschlierbach;2002;16;1;17;19;7;26
AT31;40912;Pettenbach;2002;148;26;174;159;8;167
AT31;40913;Ried im Traunkreis;2002;101;13;114;73;13;86
AT31;40914;Rosenau am Hengstpaß;2002;42;2;44;34;3;37
AT31;40915;Roßleithen;2002;70;8;78;79;5;84
AT31;40916;St. Pankraz;2002;18;3;21;19;4;23
AT31;40917;Schlierbach;2002;142;24;166;137;29;166
AT31;40918;Spital am Pyhrn;2002;78;13;91;80;13;93
AT31;40919;Steinbach am Ziehberg;2002;12;1;13;14;2;16
AT31;40920;Steinbach an der Steyr;2002;25;1;26;47;4;51
AT31;40921;Vorderstoder;2002;12;3;15;31;2;33
AT31;40922;Wartberg an der Krems;2002;57;10;67;105;13;118
AT31;40923;Windischgarsten;2002;128;15;143;128;12;140
AT31;41001;Allhaming;2002;36;4;40;42;4;46
AT31;41002;Ansfelden;2002;768;164;932;693;91;784
AT31;41003;Asten;2002;357;60;417;357;27;384
AT31;41004;Eggendorf im Traunkreis;2002;33;6;39;32;9;41
AT31;41005;Enns;2002;487;98;585;491;76;567
AT31;41006;Hargelsberg;2002;60;4;64;47;9;56
AT31;41007;Hörsching;2002;292;45;337;271;30;301
AT31;41008;Hofkirchen im Traunkreis;2002;91;6;97;86;3;89
AT31;41009;Kematen an der Krems;2002;76;8;84;104;20;124
AT31;41010;Kirchberg-Thening;2002;96;13;109;75;3;78
AT31;41011;Kronstorf;2002;147;17;164;129;19;148
AT31;41012;Leonding;2002;1354;178;1532;1313;119;1432
AT31;41013;St. Florian;2002;193;21;214;190;23;213
AT31;41014;Neuhofen an der Krems;2002;206;36;242;213;27;240
AT31;41015;Niederneukirchen;2002;53;2;55;48;3;51
AT31;41016;Oftering;2002;60;5;65;78;6;84
AT31;41017;Pasching;2002;370;67;437;321;43;364
AT31;41018;Piberbach;2002;89;14;103;88;7;95
AT31;41019;Pucking;2002;128;10;138;137;9;146
AT31;41020;St. Marien;2002;169;15;184;149;15;164
AT31;41021;Traun;2002;1129;394;1523;1106;175;1281
AT31;41022;Wilhering;2002;268;46;314;166;32;198
AT31;41101;Allerheiligen im Mühlkreis;2002;36;3;39;32;4;36
AT31;41102;Arbing;2002;38;6;44;29;3;32
AT31;41103;Baumgartenberg;2002;74;20;94;62;6;68
AT31;41104;Dimbach;2002;18;0;18;20;0;20
AT31;41105;Grein;2002;101;41;142;106;27;133
AT31;41106;Katsdorf;2002;123;15;138;131;5;136
AT31;41107;Klam;2002;27;0;27;21;1;22
AT31;41108;Bad Kreuzen;2002;39;52;91;34;1;35
AT31;41109;Langenstein;2002;126;18;144;133;7;140
AT31;41110;Luftenberg an der Donau;2002;138;15;153;117;3;120
AT31;41111;Mauthausen;2002;248;24;272;220;28;248
AT31;41112;Mitterkirchen im Machland;2002;46;7;53;59;12;71
AT31;41113;Münzbach;2002;44;18;62;55;16;71
AT31;41114;Naarn im Machlande;2002;121;9;130;119;11;130
AT31;41115;Pabneukirchen;2002;32;2;34;26;3;29
AT31;41116;Perg;2002;281;94;375;252;39;291
AT31;41117;Rechberg;2002;7;9;16;30;0;30
AT31;41118;Ried in der Riedmark;2002;153;14;167;135;18;153
AT31;41119;St. Georgen am Walde;2002;20;0;20;57;4;61
AT31;41120;St. Georgen an der Gusen;2002;134;11;145;120;9;129
AT31;41121;St. Nikola an der Donau;2002;48;51;99;89;13;102
AT31;41122;St. Thomas am Blasenstein;2002;14;1;15;18;4;22
AT31;41123;Saxen;2002;36;11;47;68;2;70
AT31;41124;Schwertberg;2002;171;50;221;221;22;243
AT31;41125;Waldhausen im Strudengau;2002;23;6;29;56;8;64
AT31;41126;Windhaag bei Perg;2002;46;11;57;51;5;56
AT31;41201;Andrichsfurt;2002;12;4;16;20;7;27
AT31;41202;Antiesenhofen;2002;34;9;43;36;14;50
AT31;41203;Aurolzmünster;2002;121;11;132;152;26;178
AT31;41204;Eberschwang;2002;61;14;75;69;17;86
AT31;41205;Eitzing;2002;33;4;37;14;2;16
AT31;41206;Geiersberg;2002;13;0;13;11;1;12
AT31;41207;Geinberg;2002;40;14;54;50;4;54
AT31;41208;Gurten;2002;28;6;34;61;6;67
AT31;41209;Hohenzell;2002;65;5;70;65;8;73
AT31;41210;Kirchdorf am Inn;2002;13;7;20;15;2;17
AT31;41211;Kirchheim im Innkreis;2002;15;2;17;28;0;28
AT31;41212;Lambrechten;2002;26;2;28;28;3;31
AT31;41213;Lohnsburg am Kobernaußerwald;2002;49;5;54;58;15;73
AT31;41214;Mehrnbach;2002;96;11;107;104;13;117
AT31;41215;Mettmach;2002;33;13;46;81;3;84
AT31;41216;Mörschwang;2002;9;0;9;4;0;4
AT31;41217;Mühlheim am Inn;2002;15;1;16;21;1;22
AT31;41218;Neuhofen im Innkreis;2002;87;4;91;87;8;95
AT31;41219;Obernberg am Inn;2002;86;37;123;72;40;112
AT31;41220;Ort im Innkreis;2002;54;13;67;63;17;80
AT31;41221;Pattigham;2002;31;1;32;15;2;17
AT31;41222;Peterskirchen;2002;22;1;23;22;2;24
AT31;41223;Pramet;2002;54;3;57;29;2;31
AT31;41224;Reichersberg;2002;45;15;60;46;13;59
AT31;41225;Ried im Innkreis;2002;636;112;748;643;107;750
AT31;41226;St. Georgen bei Obernberg am Inn;2002;9;0;9;10;1;11
AT31;41227;St. Marienkirchen am Hausruck;2002;23;3;26;28;2;30
AT31;41228;St. Martin im Innkreis;2002;83;35;118;81;15;96
AT31;41229;Schildorn;2002;44;4;48;40;2;42
AT31;41230;Senftenbach;2002;37;3;40;16;0;16
AT31;41231;Taiskirchen im Innkreis;2002;59;42;101;92;25;117
AT31;41232;Tumeltsham;2002;84;3;87;53;1;54
AT31;41233;Utzenaich;2002;42;9;51;45;9;54
AT31;41234;Waldzell;2002;70;2;72;56;9;65
AT31;41235;Weilbach;2002;21;6;27;18;5;23
AT31;41236;Wippenham;2002;16;2;18;12;1;13
AT31;41301;Afiesl;2002;2;1;3;3;0;3
AT31;41302;Ahorn;2002;7;1;8;9;1;10
AT31;41304;Altenfelden;2002;50;7;57;71;8;79
AT31;41305;Arnreit;2002;4;3;7;33;2;35
AT31;41306;Atzesberg;2002;8;1;9;14;22;36
AT31;41307;Auberg;2002;12;1;13;13;0;13
AT31;41309;Haslach an der Mühl;2002;78;8;86;87;4;91
AT31;41310;Helfenberg;2002;20;2;22;34;3;37
AT31;41311;Hörbich;2002;3;0;3;14;0;14
AT31;41312;Hofkirchen im Mühlkreis;2002;37;0;37;43;4;47
AT31;41313;Julbach;2002;14;3;17;34;12;46
AT31;41314;Kirchberg ob der Donau;2002;25;5;30;34;3;37
AT31;41315;Klaffer am Hochficht;2002;28;3;31;36;4;40
AT31;41316;Kleinzell im Mühlkreis;2002;57;5;62;42;12;54
AT31;41317;Kollerschlag;2002;17;2;19;13;6;19
AT31;41318;Lembach im Mühlkreis;2002;80;32;112;53;11;64
AT31;41319;Lichtenau im Mühlkreis;2002;4;2;6;12;1;13
AT31;41320;Nebelberg;2002;7;3;10;11;1;12
AT31;41321;Neufelden;2002;36;82;118;56;8;64
AT31;41322;Niederkappel;2002;22;4;26;41;3;44
AT31;41323;Niederwaldkirchen;2002;20;2;22;55;4;59
AT31;41324;Oberkappel;2002;2;3;5;21;12;33
AT31;41325;Oepping;2002;36;1;37;40;6;46
AT31;41326;Peilstein im Mühlviertel;2002;36;8;44;47;4;51
AT31;41327;Pfarrkirchen im Mühlkreis;2002;30;8;38;42;6;48
AT31;41328;Putzleinsdorf;2002;35;5;40;45;6;51
AT31;41329;Neustift im Mühlkreis;2002;23;8;31;33;6;39
AT31;41331;St. Johann am Wimberg;2002;11;2;13;21;2;23
AT31;41332;St. Martin im Mühlkreis;2002;70;8;78;95;11;106
AT31;41333;St. Oswald bei Haslach;2002;10;2;12;21;3;24
AT31;41334;St. Peter am Wimberg;2002;20;2;22;30;4;34
AT31;41335;St. Stefan am Walde;2002;20;1;21;17;5;22
AT31;41336;St. Ulrich im Mühlkreis;2002;19;1;20;19;0;19
AT31;41337;St. Veit im Mühlkreis;2002;41;3;44;40;5;45
AT31;41338;Sarleinsbach;2002;44;5;49;75;7;82
AT31;41340;Schönegg;2002;10;0;10;10;3;13
AT31;41341;Schwarzenberg am Böhmerwald;2002;14;5;19;10;4;14
AT31;41342;Ulrichsberg;2002;69;11;80;86;28;114
AT31;41343;Aigen-Schlägl;2002;121;15;136;89;28;117
AT31;41344;Rohrbach-Berg;2002;159;12;171;138;19;157
AT31;41401;Altschwendt;2002;18;4;22;15;2;17
AT31;41402;Andorf;2002;137;23;160;141;21;162
AT31;41403;Brunnenthal;2002;95;15;110;66;11;77
AT31;41404;Diersbach;2002;21;2;23;42;3;45
AT31;41405;Dorf an der Pram;2002;19;2;21;37;6;43
AT31;41406;Eggerding;2002;19;3;22;35;3;38
AT31;41407;Engelhartszell;2002;54;3;57;43;14;57
AT31;41408;Enzenkirchen;2002;33;8;41;27;4;31
AT31;41409;Esternberg;2002;28;9;37;41;19;60
AT31;41410;Freinberg;2002;23;34;57;25;34;59
AT31;41411;Kopfing im Innkreis;2002;32;1;33;40;7;47
AT31;41412;Mayrhof;2002;18;0;18;11;2;13
AT31;41413;Münzkirchen;2002;62;8;70;75;7;82
AT31;41414;Raab;2002;98;9;107;81;11;92
AT31;41415;Rainbach im Innkreis;2002;30;6;36;28;3;31
AT31;41416;Riedau;2002;86;9;95;84;6;90
AT31;41417;St. Aegidi;2002;19;3;22;20;6;26
AT31;41418;St. Florian am Inn;2002;98;44;142;126;15;141
AT31;41419;St. Marienkirchen bei Schärding;2002;59;14;73;69;13;82
AT31;41420;St. Roman;2002;19;5;24;25;5;30
AT31;41421;St. Willibald;2002;27;3;30;32;3;35
AT31;41422;Schärding;2002;233;72;305;285;49;334
AT31;41423;Schardenberg;2002;48;28;76;64;37;101
AT31;41424;Sigharting;2002;27;2;29;32;1;33
AT31;41425;Suben;2002;95;80;175;115;72;187
AT31;41426;Taufkirchen an der Pram;2002;52;23;75;63;16;79
AT31;41427;Vichtenstein;2002;13;47;60;20;36;56
AT31;41428;Waldkirchen am Wesen;2002;26;2;28;41;6;47
AT31;41429;Wernstein am Inn;2002;39;12;51;64;13;77
AT31;41430;Zell an der Pram;2002;85;8;93;77;10;87
AT31;41501;Adlwang;2002;47;2;49;52;3;55
AT31;41502;Aschach an der Steyr;2002;72;8;80;68;7;75
AT31;41503;Bad Hall;2002;247;31;278;218;26;244
AT31;41504;Dietach;2002;137;12;149;100;6;106
AT31;41505;Gaflenz;2002;60;8;68;36;7;43
AT31;41506;Garsten;2002;316;62;378;299;61;360
AT31;41507;Großraming;2002;61;2;63;62;5;67
AT31;41508;Laussa;2002;44;2;46;41;8;49
AT31;41509;Losenstein;2002;33;4;37;78;3;81
AT31;41510;Maria Neustift;2002;18;3;21;21;5;26
AT31;41511;Pfarrkirchen bei Bad Hall;2002;95;10;105;89;8;97
AT31;41512;Reichraming;2002;40;4;44;44;8;52
AT31;41513;Rohr im Kremstal;2002;85;10;95;55;5;60
AT31;41514;St. Ulrich bei Steyr;2002;131;8;139;107;5;112
AT31;41515;Schiedlberg;2002;32;7;39;46;4;50
AT31;41516;Sierning;2002;394;51;445;277;64;341
AT31;41517;Ternberg;2002;63;5;68;105;14;119
AT31;41518;Waldneukirchen;2002;57;9;66;76;12;88
AT31;41521;Wolfern;2002;102;5;107;83;16;99
AT31;41522;Weyer;2002;130;28;158;125;35;160
AT31;41601;Alberndorf in der Riedmark;2002;96;17;113;103;9;112
AT31;41602;Altenberg bei Linz;2002;115;13;128;106;20;126
AT31;41603;Bad Leonfelden;2002;133;18;151;82;17;99
AT31;41604;Eidenberg;2002;48;4;52;47;5;52
AT31;41605;Engerwitzdorf;2002;356;21;377;219;12;231
AT31;41606;Feldkirchen an der Donau;2002;171;17;188;155;8;163
AT31;41607;Gallneukirchen;2002;273;39;312;287;21;308
AT31;41608;Goldwörth;2002;34;2;36;21;3;24
AT31;41609;Gramastetten;2002;204;8;212;151;15;166
AT31;41610;Haibach im Mühlkreis;2002;45;2;47;18;1;19
AT31;41611;Hellmonsödt;2002;83;7;90;90;8;98
AT31;41612;Herzogsdorf;2002;55;5;60;69;16;85
AT31;41613;Kirchschlag bei Linz;2002;62;10;72;92;14;106
AT31;41614;Lichtenberg;2002;67;11;78;66;4;70
AT31;41615;Oberneukirchen;2002;99;4;103;69;6;75
AT31;41616;Ottenschlag im Mühlkreis;2002;12;0;12;12;2;14
AT31;41617;Ottensheim;2002;162;15;177;190;19;209
AT31;41618;Puchenau;2002;183;9;192;219;20;239
AT31;41619;Reichenau im Mühlkreis;2002;35;0;35;30;4;34
AT31;41620;Reichenthal;2002;46;3;49;33;3;36
AT31;41621;St. Gotthard im Mühlkreis;2002;37;6;43;34;4;38
AT31;41622;Schenkenfelden;2002;21;3;24;26;4;30
AT31;41623;Sonnberg im Mühlkreis;2002;22;0;22;31;2;33
AT31;41624;Steyregg;2002;214;43;257;211;37;248
AT31;41625;Vorderweißenbach;2002;16;3;19;44;11;55
AT31;41626;Walding;2002;126;8;134;140;12;152
AT31;41627;Zwettl an der Rodl;2002;38;7;45;56;16;72
AT31;41701;Ampflwang im Hausruckwald;2002;75;19;94;154;12;166
AT31;41702;Attersee am Attersee;2002;51;21;72;68;8;76
AT31;41703;Attnang-Puchheim;2002;477;85;562;442;62;504
AT31;41704;Atzbach;2002;42;6;48;33;5;38
AT31;41705;Aurach am Hongar;2002;45;8;53;63;5;68
AT31;41706;Berg im Attergau;2002;40;13;53;36;5;41
AT31;41707;Desselbrunn;2002;50;4;54;51;3;54
AT31;41708;Fornach;2002;23;5;28;20;0;20
AT31;41709;Frankenburg am Hausruck;2002;92;25;117;173;14;187
AT31;41710;Frankenmarkt;2002;176;22;198;155;24;179
AT31;41711;Gampern;2002;82;11;93;77;9;86
AT31;41712;Innerschwand am Mondsee;2002;30;7;37;46;6;52
AT31;41713;Lenzing;2002;252;47;299;260;31;291
AT31;41714;Manning;2002;37;4;41;45;2;47
AT31;41715;Mondsee;2002;233;77;310;216;70;286
AT31;41716;Neukirchen an der Vöckla;2002;87;5;92;83;14;97
AT31;41717;Niederthalheim;2002;13;7;20;52;1;53
AT31;41718;Nußdorf am Attersee;2002;35;23;58;48;13;61
AT31;41719;Oberhofen am Irrsee;2002;60;8;68;42;9;51
AT31;41720;Oberndorf bei Schwanenstadt;2002;56;5;61;50;2;52
AT31;41721;Oberwang;2002;17;1;18;32;4;36
AT31;41722;Ottnang am Hausruck;2002;133;10;143;85;7;92
AT31;41723;Pfaffing;2002;52;1;53;43;3;46
AT31;41724;Pilsbach;2002;13;0;13;14;2;16
AT31;41725;Pitzenberg;2002;11;0;11;10;1;11
AT31;41726;Pöndorf;2002;79;3;82;59;11;70
AT31;41727;Puchkirchen am Trattberg;2002;35;4;39;26;1;27
AT31;41728;Pühret;2002;14;2;16;20;6;26
AT31;41729;Redleiten;2002;7;2;9;18;0;18
AT31;41730;Redlham;2002;63;6;69;55;3;58
AT31;41731;Regau;2002;312;30;342;246;23;269
AT31;41732;Rüstorf;2002;63;21;84;74;21;95
AT31;41733;Rutzenham;2002;10;0;10;12;0;12
AT31;41734;St. Georgen im Attergau;2002;234;163;397;343;41;384
AT31;41735;St. Lorenz;2002;83;24;107;76;17;93
AT31;41736;Schlatt;2002;49;6;55;61;5;66
AT31;41737;Schörfling am Attersee;2002;126;18;144;156;26;182
AT31;41738;Schwanenstadt;2002;234;60;294;257;32;289
AT31;41739;Seewalchen am Attersee;2002;216;29;245;205;16;221
AT31;41740;Steinbach am Attersee;2002;36;12;48;32;10;42
AT31;41741;Straß im Attergau;2002;57;64;121;96;30;126
AT31;41742;Tiefgraben;2002;161;15;176;127;24;151
AT31;41743;Timelkam;2002;309;148;457;358;74;432
AT31;41744;Ungenach;2002;52;8;60;48;7;55
AT31;41745;Unterach am Attersee;2002;47;19;66;54;30;84
AT31;41746;Vöcklabruck;2002;599;62;661;578;62;640
AT31;41747;Vöcklamarkt;2002;212;31;243;187;22;209
AT31;41748;Weißenkirchen im Attergau;2002;15;4;19;16;6;22
AT31;41749;Weyregg am Attersee;2002;39;2;41;72;11;83
AT31;41750;Wolfsegg am Hausruck;2002;52;6;58;82;3;85
AT31;41751;Zell am Moos;2002;55;28;83;72;18;90
AT31;41752;Zell am Pettenfirst;2002;26;8;34;63;14;77
AT31;41801;Aichkirchen;2002;16;0;16;13;1;14
AT31;41802;Bachmanning;2002;41;13;54;42;4;46
AT31;41803;Bad Wimsbach-Neydharting;2002;99;26;125;116;8;124
AT31;41804;Buchkirchen;2002;146;78;224;152;73;225
AT31;41805;Eberstalzell;2002;61;5;66;55;5;60
AT31;41806;Edt bei Lambach;2002;103;10;113;109;12;121
AT31;41807;Fischlham;2002;40;9;49;42;4;46
AT31;41808;Gunskirchen;2002;111;23;134;163;28;191
AT31;41809;Holzhausen;2002;21;2;23;34;3;37
AT31;41810;Krenglbach;2002;93;6;99;94;5;99
AT31;41811;Lambach;2002;200;95;295;232;37;269
AT31;41812;Marchtrenk;2002;477;96;573;386;83;469
AT31;41813;Neukirchen bei Lambach;2002;31;3;34;20;2;22
AT31;41814;Offenhausen;2002;32;11;43;50;9;59
AT31;41815;Pennewang;2002;12;1;13;16;0;16
AT31;41816;Pichl bei Wels;2002;101;24;125;93;21;114
AT31;41817;Sattledt;2002;81;17;98;96;12;108
AT31;41818;Schleißheim;2002;61;13;74;45;14;59
AT31;41819;Sipbachzell;2002;57;14;71;61;11;72
AT31;41820;Stadl-Paura;2002;216;57;273;219;41;260
AT31;41821;Steinerkirchen an der Traun;2002;82;11;93;74;17;91
AT31;41822;Steinhaus;2002;42;10;52;48;7;55
AT31;41823;Thalheim bei Wels;2002;317;82;399;234;92;326
AT31;41824;Weißkirchen an der Traun;2002;150;58;208;101;13;114
